"name"	"membership"	"in.singleton"	"vertex"	"mean.knn"	"f.state"	"mean.t"	"size"	"scaled.knn"	"is.extremum"	"basin"
"v1"	1	FALSE	1	0.292644843511573	1	5	1	0.292644843511573	FALSE	2
"v2"	1	FALSE	2	0.292644843511573	1	5	1	0.292644843511573	FALSE	2
"v3"	1	FALSE	3	0.292644843511573	1	5	1	0.292644843511573	FALSE	2
"v4"	1	FALSE	4	0.274255702483796	1	5	1	0.274255702483796	FALSE	2
"v5"	1	FALSE	5	0.274255702483796	1	5	1	0.274255702483796	FALSE	2
"v6"	2	TRUE	6	0.451785174689062	1	0	1	0.451785174689062	NA	NA
"v7"	1	FALSE	7	0.337585868066452	1	2.5	2	0.168792934033226	FALSE	2
"v8"	2	TRUE	8	0.451785174689062	1	0	1	0.451785174689062	NA	NA
"v9"	1	FALSE	9	0.337585868066452	1	2.5	2	0.168792934033226	FALSE	2
"v10"	2	TRUE	10	0.451785174689062	1	0	1	0.451785174689062	NA	NA
"v11"	1	FALSE	11	0.400916033649109	1	0	1	0.400916033649109	FALSE	2
"v12"	1	FALSE	12	0.168027955076218	1	5	1	0.168027955076218	FALSE	2
"v13"	1	FALSE	13	0.292644843511573	1	5	1	0.292644843511573	FALSE	2
"v14"	1	FALSE	14	0.168027955076218	1	5	1	0.168027955076218	FALSE	2
"v15"	1	FALSE	15	0.292644843511573	1	5	1	0.292644843511573	FALSE	2
"v16"	1	FALSE	16	0.186746366415753	1	2.5	2	0.0933731832078763	FALSE	2
"v17"	1	FALSE	17	0.257455107916885	1	3.33333333333333	3	0.0858183693056285	TRUE	2
"v18"	1	FALSE	18	0.274255702483796	1	5	1	0.274255702483796	FALSE	2
"v19"	1	FALSE	19	0.205464777755288	1	0	1	0.205464777755288	FALSE	2
"v20"	1	FALSE	20	0.274255702483796	1	5	1	0.274255702483796	FALSE	2
"v21"	1	FALSE	21	0.274255702483796	1	5	1	0.274255702483796	FALSE	2
"v22"	1	FALSE	22	0.12382776288378	1	5	1	0.12382776288378	FALSE	2
"v23"	1	FALSE	23	0.12382776288378	1	5	1	0.12382776288378	FALSE	2
"v24"	1	FALSE	24	0.12382776288378	1	5	1	0.12382776288378	FALSE	2
"v25"	1	FALSE	25	0.168027955076218	1	5	1	0.168027955076218	FALSE	2
"v26"	1	FALSE	26	0.292644843511573	1	5	1	0.292644843511573	FALSE	2
"v27"	1	FALSE	27	0.168027955076218	1	5	1	0.168027955076218	FALSE	2
"v28"	1	FALSE	28	0.292644843511573	1	5	1	0.292644843511573	FALSE	2
"v29"	1	FALSE	29	0.186746366415753	1	2.5	2	0.0933731832078763	FALSE	2
"v30"	1	FALSE	30	0.292644843511573	1	5	1	0.292644843511573	FALSE	2
"v31"	1	FALSE	31	0.205464777755288	1	0	1	0.205464777755288	FALSE	2
"v32"	1	FALSE	32	0.205464777755288	1	0	1	0.205464777755288	FALSE	2
"v33"	3	TRUE	33	0.13090349584917	1	0	1	0.13090349584917	NA	NA
"v34"	1	FALSE	34	0.12382776288378	1	5	1	0.12382776288378	FALSE	2
"v35"	3	TRUE	35	0.13090349584917	1	0	1	0.13090349584917	NA	NA
"v36"	1	FALSE	36	0.12382776288378	1	5	1	0.12382776288378	FALSE	2
"v37"	3	TRUE	37	0.13090349584917	1	0	1	0.13090349584917	NA	NA
"v38"	1	FALSE	38	0.145927858979999	1	5	2	0.0729639294899993	FALSE	2
"v39"	3	TRUE	39	0.13090349584917	1	0	1	0.13090349584917	NA	NA
"v40"	1	FALSE	40	0.168027955076218	1	5	1	0.168027955076218	FALSE	2
"v41"	1	FALSE	41	0.168027955076218	1	5	1	0.168027955076218	FALSE	2
"v42"	1	FALSE	42	0.205464777755288	1	0	1	0.205464777755288	FALSE	2
"v43"	1	FALSE	43	0.205464777755288	1	0	1	0.205464777755288	FALSE	2
"v44"	1	FALSE	44	0.205464777755288	1	0	1	0.205464777755288	FALSE	2
"v45"	1	FALSE	45	0.0727076266680442	1	5	1	0.0727076266680442	FALSE	6
"v46"	1	FALSE	46	0.0727076266680442	1	5	1	0.0727076266680442	FALSE	6
"v47"	1	FALSE	47	0.0727076266680442	1	5	1	0.0727076266680442	FALSE	6
"v48"	3	TRUE	48	0.13090349584917	1	0	1	0.13090349584917	NA	NA
"v49"	1	FALSE	49	0.12382776288378	1	5	1	0.12382776288378	FALSE	2
"v50"	3	TRUE	50	0.13090349584917	1	0	1	0.13090349584917	NA	NA
"v51"	1	FALSE	51	0.12382776288378	1	5	1	0.12382776288378	FALSE	2
"v52"	3	TRUE	52	0.13090349584917	1	0	1	0.13090349584917	NA	NA
"v53"	1	FALSE	53	0.12382776288378	1	5	1	0.12382776288378	FALSE	2
"v54"	3	TRUE	54	0.13090349584917	1	0	1	0.13090349584917	NA	NA
"v55"	1	FALSE	55	0.205464777755288	1	0	1	0.205464777755288	FALSE	2
"v56"	1	FALSE	56	0.205464777755288	1	0	1	0.205464777755288	FALSE	2
"v57"	1	FALSE	57	0.205464777755288	1	0	1	0.205464777755288	FALSE	2
"v58"	1	FALSE	58	0.0727076266680442	1	5	1	0.0727076266680442	FALSE	6
"v59"	1	FALSE	59	0.0727076266680442	1	5	1	0.0727076266680442	FALSE	6
"v60"	1	FALSE	60	0.0727076266680442	1	5	1	0.0727076266680442	FALSE	6
"v61"	3	TRUE	61	0.13090349584917	1	0	1	0.13090349584917	NA	NA
"v62"	1	FALSE	62	0.12382776288378	1	5	1	0.12382776288378	FALSE	2
"v63"	3	TRUE	63	0.13090349584917	1	0	1	0.13090349584917	NA	NA
"v64"	1	FALSE	64	0.128431642313395	1	2.5	2	0.0642158211566974	FALSE	NA
"v65"	3	TRUE	65	0.13090349584917	1	0	1	0.13090349584917	NA	NA
"v66"	1	FALSE	66	0.128431642313395	1	2.5	2	0.0642158211566974	FALSE	NA
"v67"	3	TRUE	67	0.13090349584917	1	0	1	0.13090349584917	NA	NA
"v68"	1	FALSE	68	0.13303552174301	1	0	1	0.13303552174301	FALSE	6
"v69"	1	FALSE	69	0.0727076266680442	1	5	1	0.0727076266680442	FALSE	6
"v70"	1	FALSE	70	0.0727076266680442	1	5	1	0.0727076266680442	FALSE	6
"v71"	1	FALSE	71	0.0861554620453906	1	5	1	0.0861554620453906	FALSE	6
"v72"	1	FALSE	72	0.0794315443567174	1	5	2	0.0397157721783587	FALSE	6
"v73"	3	TRUE	73	0.13090349584917	1	0	1	0.13090349584917	NA	NA
"v74"	1	FALSE	74	0.0861554620453906	1	5	1	0.0861554620453906	FALSE	6
"v75"	3	TRUE	75	0.13090349584917	1	0	1	0.13090349584917	NA	NA
"v76"	1	FALSE	76	0.1095954918942	1	2.5	2	0.0547977459471001	FALSE	6
"v77"	3	TRUE	77	0.13090349584917	1	0	1	0.13090349584917	NA	NA
"v78"	1	FALSE	78	0.13303552174301	1	0	1	0.13303552174301	FALSE	6
"v79"	3	TRUE	79	0.13090349584917	1	0	1	0.13090349584917	NA	NA
"v80"	1	FALSE	80	0.13303552174301	1	0	1	0.13303552174301	FALSE	6
"v81"	4	TRUE	81	0.103994736411251	1	5	1	0.103994736411251	NA	NA
"v82"	4	TRUE	82	0.103994736411251	1	5	1	0.103994736411251	NA	NA
"v83"	1	FALSE	83	0.0861554620453906	1	5	1	0.0861554620453906	FALSE	6
"v84"	4	TRUE	84	0.103994736411251	1	5	1	0.103994736411251	NA	NA
"v85"	1	FALSE	85	0.0861554620453906	1	5	1	0.0861554620453906	FALSE	6
"v86"	4	TRUE	86	0.103994736411251	1	5	1	0.103994736411251	NA	NA
"v87"	1	FALSE	87	0.0861554620453906	1	5	1	0.0861554620453906	FALSE	6
"v88"	1	FALSE	88	0.0861554620453906	1	5	1	0.0861554620453906	FALSE	6
"v89"	1	FALSE	89	0.13303552174301	1	0	1	0.13303552174301	FALSE	6
"v90"	1	FALSE	90	0.13303552174301	1	0	1	0.13303552174301	FALSE	6
"v91"	1	FALSE	91	0.13303552174301	1	0	1	0.13303552174301	FALSE	6
"v92"	1	FALSE	92	0.0696710589237446	1	5	1	0.0696710589237446	FALSE	6
"v93"	4	TRUE	93	0.103994736411251	1	5	1	0.103994736411251	NA	NA
"v94"	1	FALSE	94	0.0696710589237446	1	5	1	0.0696710589237446	FALSE	6
"v95"	4	TRUE	95	0.103994736411251	1	5	1	0.103994736411251	NA	NA
"v96"	1	FALSE	96	0.0779132604845676	1	5	2	0.0389566302422838	FALSE	6
"v97"	4	TRUE	97	0.103994736411251	1	5	1	0.103994736411251	NA	NA
"v98"	1	FALSE	98	0.0861554620453906	1	5	1	0.0861554620453906	FALSE	6
"v99"	4	TRUE	99	0.103994736411251	1	5	1	0.103994736411251	NA	NA
"v100"	1	FALSE	100	0.0861554620453906	1	5	1	0.0861554620453906	FALSE	6
"v101"	1	FALSE	101	0.0861554620453906	1	5	1	0.0861554620453906	FALSE	6
"v102"	5	TRUE	102	0.208857422816372	1	5	1	0.208857422816372	NA	NA
"v103"	5	TRUE	103	0.208857422816372	1	5	1	0.208857422816372	NA	NA
"v104"	5	TRUE	104	0.208857422816372	1	5	1	0.208857422816372	NA	NA
"v105"	5	TRUE	105	0.208857422816372	1	5	1	0.208857422816372	NA	NA
"v106"	1	FALSE	106	0.0696710589237446	1	5	1	0.0696710589237446	FALSE	6
"v107"	1	FALSE	107	0.0643976832138614	1	0	1	0.0643976832138614	FALSE	6
"v108"	4	TRUE	108	0.103994736411251	1	5	1	0.103994736411251	NA	NA
"v109"	1	FALSE	109	0.067034371068803	1	2.5	2	0.0335171855344015	TRUE	6
"v110"	4	TRUE	110	0.103994736411251	1	5	1	0.103994736411251	NA	NA
"v111"	1	FALSE	111	0.0696710589237446	1	5	1	0.0696710589237446	FALSE	6
"v112"	4	TRUE	112	0.103994736411251	1	5	1	0.103994736411251	NA	NA
"v113"	4	TRUE	113	0.103994736411251	1	5	1	0.103994736411251	NA	NA
"v114"	5	TRUE	114	0.208857422816372	1	5	1	0.208857422816372	NA	NA
"v115"	5	TRUE	115	0.208857422816372	1	5	1	0.208857422816372	NA	NA
"v116"	5	TRUE	116	0.208857422816372	1	5	1	0.208857422816372	NA	NA
"v117"	5	TRUE	117	0.208857422816372	1	5	1	0.208857422816372	NA	NA
"v118"	1	FALSE	118	0.0696710589237446	1	5	1	0.0696710589237446	FALSE	6
"v119"	1	FALSE	119	0.0643976832138614	1	0	1	0.0643976832138614	FALSE	6
"v120"	1	FALSE	120	0.0696710589237446	1	5	1	0.0696710589237446	FALSE	6
"v121"	1	FALSE	121	0.0643976832138614	1	0	1	0.0643976832138614	FALSE	6
"v122"	1	FALSE	122	0.0696710589237446	1	5	1	0.0696710589237446	FALSE	6
"v123"	5	TRUE	123	0.208857422816372	1	5	1	0.208857422816372	NA	NA
"v124"	5	TRUE	124	0.208857422816372	1	5	1	0.208857422816372	NA	NA
"v125"	5	TRUE	125	0.208857422816372	1	5	1	0.208857422816372	NA	NA
"v126"	5	TRUE	126	0.208857422816372	1	5	1	0.208857422816372	NA	NA
"v127"	6	FALSE	127	0.0558103931750749	1	5	2	0.0279051965875375	TRUE	7
"v128"	1	FALSE	128	0.0643976832138614	1	0	1	0.0643976832138614	FALSE	6
"v129"	1	FALSE	129	0.0643976832138614	1	0	1	0.0643976832138614	FALSE	6
"v130"	5	TRUE	130	0.208857422816372	1	5	1	0.208857422816372	NA	NA
"v131"	5	TRUE	131	0.208857422816372	1	5	1	0.208857422816372	NA	NA
"v132"	5	TRUE	132	0.208857422816372	1	5	1	0.208857422816372	NA	NA
"v133"	5	TRUE	133	0.208857422816372	1	5	1	0.208857422816372	NA	NA
"v134"	6	FALSE	134	0.0558103931750749	1	5	2	0.0279051965875375	TRUE	7
"v135"	1	FALSE	135	0.0643976832138614	1	0	1	0.0643976832138614	FALSE	6
"v136"	1	FALSE	136	0.0643976832138614	1	0	1	0.0643976832138614	FALSE	6
"v137"	7	TRUE	137	0.374936069708691	0	5	1	0.374936069708691	NA	NA
"v138"	6	FALSE	138	0.0558103931750749	1	5	1	0.0558103931750749	FALSE	7
"v139"	6	FALSE	139	0.0558103931750749	1	5	1	0.0558103931750749	FALSE	7
"v140"	8	FALSE	140	0.26598493770155	1	5	1	0.26598493770155	FALSE	10
"v141"	8	FALSE	141	0.26598493770155	1	5	1	0.26598493770155	FALSE	10
"v142"	7	TRUE	142	0.374936069708691	0	5	1	0.374936069708691	NA	NA
"v143"	9	TRUE	143	0.309592257711652	0	5	1	0.309592257711652	NA	NA
"v144"	8	FALSE	144	0.26598493770155	1	5	1	0.26598493770155	FALSE	10
"v145"	9	TRUE	145	0.309592257711652	0	5	1	0.309592257711652	NA	NA
"v146"	8	FALSE	146	0.266411483316742	0.5	5	2	0.133205741658371	TRUE	10
"v147"	9	TRUE	147	0.309592257711652	0	5	1	0.309592257711652	NA	NA
"v148"	7	TRUE	148	0.374936069708691	0	5	1	0.374936069708691	NA	NA
