"from"	"to"
1	1
1	2
1	3
1	4
1	32
1	33
1	35
1	38
1	59
1	61
1	63
1	66
1	133
1	135
2	2
2	4
2	5
2	32
2	33
2	36
2	38
2	40
2	59
2	61
2	66
2	133
2	135
3	3
3	32
3	35
3	59
3	63
4	4
4	5
4	6
4	8
4	11
4	16
4	20
4	32
4	33
4	36
4	38
4	40
4	59
4	61
4	66
5	5
5	33
5	36
5	40
6	6
6	11
6	20
6	21
7	7
7	13
7	20
8	8
8	16
8	20
9	9
9	17
9	20
10	10
10	19
10	20
10	21
10	41
10	46
10	48
10	49
10	70
10	77
10	89
10	102
11	11
11	20
11	21
12	12
12	20
12	21
12	42
12	48
12	49
12	71
12	81
12	94
12	143
12	151
12	163
13	13
13	20
14	14
14	20
14	21
14	22
14	43
14	48
14	49
14	50
14	72
14	82
14	95
14	109
15	15
15	20
15	21
15	22
15	44
15	48
15	49
15	50
15	73
15	84
15	97
15	111
16	16
16	20
16	21
17	17
17	20
18	18
18	20
18	21
18	45
18	48
18	49
18	76
18	87
18	100
19	19
19	20
19	21
19	41
19	46
19	48
19	49
19	70
19	77
19	89
19	102
19	147
19	156
19	168
20	20
20	21
20	22
20	23
20	41
20	42
20	43
20	44
20	45
20	46
20	48
20	49
20	50
20	51
20	70
20	71
20	72
20	73
20	76
20	77
20	80
20	81
20	82
20	84
20	87
20	89
20	93
20	94
20	95
20	97
20	100
20	102
20	107
20	109
20	111
20	122
20	143
20	147
20	150
20	151
20	156
20	161
20	163
20	168
20	174
20	177
21	21
21	22
21	23
21	24
21	41
21	42
21	43
21	44
21	45
21	46
21	48
21	49
21	50
21	51
21	52
21	70
21	71
21	72
21	73
21	76
21	77
21	80
21	81
21	82
21	84
21	87
21	89
21	93
21	94
21	95
21	97
21	100
21	102
21	104
21	107
21	109
21	111
21	117
21	122
21	123
21	143
21	147
21	150
21	151
21	156
21	161
21	163
21	168
21	170
21	174
21	177
21	186
21	198
22	22
22	23
22	24
22	25
22	43
22	44
22	48
22	49
22	50
22	51
22	52
22	53
22	72
22	73
22	80
22	82
22	84
22	93
22	95
22	97
22	104
22	107
22	108
22	109
22	111
22	112
22	117
22	122
22	123
22	125
22	150
22	161
22	170
22	174
22	177
22	186
22	198
23	23
23	24
23	25
23	26
23	48
23	49
23	50
23	51
23	52
23	53
23	80
23	93
23	104
23	107
23	108
23	112
23	117
23	122
23	123
23	125
23	150
23	161
23	170
23	174
23	177
23	186
23	196
23	198
23	200
24	24
24	25
24	26
24	49
24	50
24	51
24	52
24	53
24	54
24	104
24	108
24	112
24	117
24	122
24	123
24	125
24	127
24	170
24	174
24	186
24	196
24	198
24	200
24	201
25	25
25	26
25	28
25	29
25	50
25	51
25	52
25	53
25	54
25	55
25	57
25	112
25	122
25	123
25	125
25	127
25	129
25	131
25	196
25	198
25	200
25	201
26	26
26	28
26	29
26	30
26	52
26	53
26	54
26	55
26	57
26	58
26	123
26	125
26	127
26	129
26	131
26	132
26	198
26	200
26	201
26	203
26	204
26	205
27	27
27	28
27	29
27	30
27	54
27	55
27	57
27	58
28	28
28	29
28	30
28	53
28	54
28	55
28	57
28	58
28	125
28	127
28	129
28	131
28	132
28	201
28	203
28	204
28	205
29	29
29	30
29	53
29	54
29	55
29	57
29	58
29	125
29	127
29	129
29	131
29	132
29	201
29	203
29	204
29	205
30	30
30	54
30	55
30	57
30	58
30	127
30	129
30	131
30	132
30	201
30	203
30	204
30	205
31	31
31	34
31	37
31	60
31	62
31	64
31	134
31	136
31	138
31	207
31	209
31	212
32	32
32	33
32	35
32	38
32	39
32	59
32	61
32	63
32	66
32	68
32	133
32	135
32	137
32	206
32	208
33	33
33	36
33	38
33	39
33	40
33	59
33	61
33	66
33	68
33	133
33	135
33	137
33	206
33	208
34	34
34	37
34	60
34	62
34	64
34	134
34	136
34	138
34	207
34	209
34	212
35	35
35	59
35	63
36	36
36	40
37	37
37	60
37	62
37	64
37	134
37	136
37	138
37	207
37	209
37	212
38	38
38	59
38	61
38	66
39	39
39	59
39	61
39	68
39	133
39	135
39	137
40	40
41	41
41	46
41	47
41	48
41	49
41	69
41	70
41	77
41	79
41	89
41	91
41	102
41	142
41	149
41	158
42	42
42	48
42	49
42	71
42	81
42	94
42	143
42	151
42	163
43	43
43	48
43	49
43	50
43	72
43	82
43	95
43	109
44	44
44	48
44	49
44	50
44	73
44	84
44	97
44	111
45	45
45	48
45	49
45	76
45	87
45	100
46	46
46	48
46	49
46	70
46	77
46	89
46	102
46	147
46	156
46	168
47	47
47	48
47	69
47	79
47	91
47	142
47	149
47	158
48	48
48	49
48	50
48	51
48	69
48	70
48	71
48	72
48	73
48	76
48	77
48	79
48	80
48	81
48	82
48	84
48	87
48	88
48	89
48	91
48	93
48	94
48	95
48	97
48	100
48	101
48	102
48	107
48	109
48	111
48	114
48	122
48	142
48	143
48	147
48	149
48	150
48	151
48	155
48	156
48	158
48	161
48	163
48	167
48	168
48	174
48	177
49	49
49	50
49	51
49	52
49	70
49	71
49	72
49	73
49	76
49	77
49	80
49	81
49	82
49	84
49	87
49	88
49	89
49	93
49	94
49	95
49	97
49	100
49	101
49	102
49	103
49	104
49	106
49	107
49	109
49	111
49	114
49	116
49	117
49	121
49	122
49	123
49	143
49	147
49	150
49	151
49	155
49	156
49	161
49	163
49	167
49	168
49	169
49	170
49	173
49	174
49	177
49	185
49	186
49	195
49	198
49	247
49	262
49	263
50	50
50	51
50	52
50	53
50	72
50	73
50	80
50	82
50	84
50	88
50	93
50	95
50	97
50	101
50	103
50	104
50	106
50	107
50	108
50	109
50	111
50	112
50	114
50	115
50	116
50	117
50	121
50	122
50	123
50	125
50	150
50	155
50	161
50	167
50	169
50	170
50	173
50	174
50	177
50	184
50	185
50	186
50	195
50	198
50	200
50	247
50	262
50	263
51	51
51	52
51	53
51	54
51	80
51	93
51	103
51	104
51	106
51	107
51	108
51	112
51	115
51	116
51	117
51	121
51	122
51	123
51	125
51	127
51	150
51	161
51	169
51	170
51	173
51	174
51	177
51	181
51	184
51	185
51	186
51	188
51	191
51	195
51	196
51	197
51	198
51	200
51	201
51	247
51	262
51	263
51	265
51	267
52	52
52	53
52	54
52	93
52	103
52	104
52	107
52	108
52	112
52	115
52	116
52	117
52	122
52	123
52	125
52	127
52	161
52	169
52	170
52	174
52	177
52	181
52	184
52	185
52	186
52	188
52	191
52	196
52	197
52	198
52	200
52	201
52	263
52	265
52	267
53	53
53	54
53	55
53	56
53	57
53	112
53	115
53	122
53	123
53	125
53	126
53	127
53	128
53	129
53	130
53	131
53	174
53	177
53	181
53	184
53	188
53	191
53	196
53	197
53	198
53	200
53	201
53	202
53	203
53	263
53	265
53	267
54	54
54	55
54	56
54	57
54	58
54	122
54	123
54	125
54	126
54	127
54	128
54	129
54	130
54	131
54	132
54	188
54	198
54	200
54	201
54	202
54	203
54	204
54	205
55	55
55	57
55	58
55	125
55	127
55	129
55	131
55	132
55	200
55	201
55	203
55	204
55	205
55	271
55	272
55	273
56	56
56	126
56	128
56	130
56	200
56	202
56	203
57	57
57	58
57	125
57	127
57	129
57	131
57	132
57	201
57	203
57	204
57	205
57	271
57	272
57	273
58	58
58	127
58	129
58	131
58	132
58	201
58	203
58	204
58	205
58	271
58	272
58	273
59	59
59	61
59	63
59	65
59	66
59	67
59	68
59	133
59	135
59	137
59	206
59	208
59	210
59	274
59	275
59	276
60	60
60	62
60	64
60	134
60	136
60	138
60	207
60	209
60	212
61	61
61	65
61	66
61	67
61	68
61	133
61	135
61	137
61	206
61	208
61	210
61	274
61	275
61	276
62	62
62	64
62	134
62	136
62	138
62	207
62	209
62	212
63	63
64	64
64	134
64	136
64	138
64	207
64	209
64	212
65	65
65	133
65	135
65	137
65	206
65	208
65	210
66	66
66	133
66	135
66	137
66	206
66	208
66	210
67	67
67	133
67	135
67	137
67	206
67	208
67	210
67	274
67	275
67	276
68	68
68	133
68	135
68	137
69	69
69	78
69	79
69	90
69	91
69	142
69	148
69	149
69	157
69	158
69	216
69	222
69	231
69	283
69	287
69	292
70	70
70	77
70	89
70	102
71	71
71	81
71	94
71	143
71	151
71	163
72	72
72	82
72	95
72	109
73	73
73	84
73	97
73	111
74	74
74	85
74	98
74	145
74	153
74	165
74	220
74	229
74	241
75	75
75	86
75	99
75	113
75	146
75	154
75	166
75	175
75	221
75	230
75	242
75	252
75	288
75	291
75	295
75	298
76	76
76	87
76	100
77	77
77	89
77	102
77	147
77	156
77	168
78	78
78	90
78	142
78	148
78	157
78	216
78	222
78	231
78	283
78	287
78	292
79	79
79	91
79	142
79	149
79	158
80	80
80	93
80	107
80	122
80	150
80	161
80	174
80	177
81	81
81	94
81	143
81	151
81	163
82	82
82	95
82	109
83	83
83	96
83	110
83	122
83	152
83	164
83	174
83	180
83	228
83	240
83	250
83	263
84	84
84	97
84	111
85	85
85	98
85	145
85	153
85	165
85	220
85	229
85	241
86	86
86	99
86	113
86	146
86	154
86	166
86	175
86	221
86	230
86	242
86	252
86	288
86	291
86	295
86	298
87	87
87	100
88	88
88	101
88	114
88	155
88	167
88	174
89	89
89	102
89	147
89	156
89	168
90	90
90	142
90	148
90	157
90	216
90	222
90	231
90	283
90	287
90	292
91	91
91	142
91	149
91	158
92	92
92	105
92	120
92	160
92	172
92	174
92	235
92	246
92	261
93	93
93	107
93	122
93	123
93	150
93	161
93	174
93	177
93	198
94	94
94	143
94	151
94	163
95	95
95	109
96	96
96	110
96	122
96	152
96	164
96	174
96	180
96	228
96	240
96	250
96	263
97	97
97	111
98	98
98	145
98	153
98	165
98	220
98	229
98	241
99	99
99	113
99	146
99	154
99	166
99	175
99	221
99	230
99	242
99	252
99	288
99	291
99	295
99	298
100	100
101	101
101	114
101	155
101	167
101	174
102	102
102	147
102	156
102	168
103	103
103	116
103	122
103	123
103	169
103	174
103	185
103	198
104	104
104	117
104	122
104	123
104	170
104	174
104	186
104	198
105	105
105	120
105	160
105	172
105	174
105	235
105	246
105	261
106	106
106	121
106	122
106	173
106	174
106	195
106	247
106	262
106	263
107	107
107	122
107	123
107	150
107	161
107	174
107	177
107	198
108	108
108	122
108	123
109	109
110	110
110	122
110	152
110	164
110	174
110	180
110	228
110	240
110	250
110	263
111	111
112	112
112	122
112	123
112	125
113	113
113	146
113	154
113	166
113	175
113	221
113	230
113	242
113	252
113	288
113	291
113	295
113	298
114	114
114	155
114	167
114	174
115	115
115	122
115	123
115	125
115	174
115	184
115	198
115	200
116	116
116	122
116	123
116	169
116	174
116	185
116	198
117	117
117	122
117	123
117	170
117	174
117	186
117	198
118	118
118	122
118	123
118	174
118	190
118	198
118	257
118	263
118	265
118	297
118	299
118	300
119	119
119	122
119	123
119	174
119	193
119	198
119	259
119	263
119	265
120	120
120	160
120	172
120	174
120	235
120	246
120	261
121	121
121	122
121	173
121	174
121	195
121	247
121	262
121	263
122	122
122	123
122	124
122	125
122	126
122	127
122	128
122	150
122	152
122	161
122	164
122	169
122	170
122	173
122	174
122	177
122	180
122	181
122	183
122	184
122	185
122	186
122	188
122	190
122	191
122	193
122	194
122	195
122	196
122	197
122	198
122	199
122	200
122	201
122	202
122	228
122	240
122	247
122	250
122	257
122	259
122	262
122	263
122	264
122	265
122	266
122	267
122	268
122	269
122	270
122	297
122	299
122	300
123	123
123	125
123	127
123	129
123	161
123	169
123	170
123	174
123	177
123	181
123	183
123	184
123	185
123	186
123	188
123	190
123	191
123	193
123	196
123	197
123	198
123	200
123	201
123	203
123	257
123	259
123	263
123	265
123	267
123	269
123	271
123	297
123	299
123	300
124	124
124	126
124	128
124	194
124	199
124	200
124	202
124	264
124	266
124	268
124	270
125	125
125	127
125	129
125	131
125	174
125	177
125	181
125	183
125	184
125	188
125	191
125	196
125	197
125	198
125	200
125	201
125	203
125	204
125	263
125	265
125	267
125	269
125	271
125	272
125	301
125	302
125	303
125	304
126	126
126	128
126	130
126	194
126	199
126	200
126	202
126	203
126	264
126	266
126	268
126	270
127	127
127	129
127	131
127	132
127	183
127	188
127	198
127	200
127	201
127	203
127	204
127	205
127	263
127	265
127	267
127	269
127	271
127	272
127	273
127	301
127	302
127	303
127	304
128	128
128	130
128	194
128	199
128	200
128	202
128	203
128	264
128	266
128	268
128	270
129	129
129	131
129	132
129	198
129	200
129	201
129	203
129	204
129	205
129	265
129	267
129	269
129	271
129	272
129	273
129	301
129	302
129	303
129	304
130	130
130	200
130	202
130	203
131	131
131	132
131	200
131	201
131	203
131	204
131	205
131	267
131	269
131	271
131	272
131	273
131	301
131	302
131	303
131	304
131	305
132	132
132	201
132	203
132	204
132	205
132	269
132	271
132	272
132	273
132	304
132	305
133	133
133	135
133	137
133	206
133	208
133	210
133	274
133	275
133	276
133	306
133	307
133	308
134	134
134	136
134	138
134	207
134	209
134	212
135	135
135	137
135	141
135	206
135	208
135	210
135	215
135	274
135	275
135	276
135	281
135	306
135	307
135	308
136	136
136	138
136	207
136	209
136	212
137	137
137	141
137	206
137	208
137	210
137	215
137	274
137	275
137	276
137	281
137	306
137	307
137	308
138	138
138	207
138	209
138	212
139	139
139	140
139	144
139	211
139	213
139	218
139	277
139	279
139	287
140	140
140	144
140	211
140	213
140	218
140	277
140	279
140	287
141	141
141	208
141	210
141	215
141	275
141	276
141	281
142	142
142	148
142	149
142	157
142	158
142	216
142	222
142	231
142	283
142	287
142	292
143	143
143	151
143	163
144	144
144	211
144	213
144	218
144	277
144	279
144	287
145	145
145	153
145	165
145	220
145	229
145	241
146	146
146	154
146	166
146	175
146	221
146	230
146	242
146	252
146	288
146	291
146	295
146	298
147	147
147	156
147	168
148	148
148	157
148	216
148	222
148	231
148	283
148	287
148	292
149	149
149	158
150	150
150	161
150	174
150	177
151	151
151	163
151	174
151	179
151	226
151	238
151	249
151	263
151	290
151	294
151	297
151	299
152	152
152	164
152	174
152	180
152	228
152	240
152	250
152	263
153	153
153	165
153	220
153	229
153	241
154	154
154	166
154	175
154	221
154	230
154	242
154	252
154	288
154	291
154	295
154	298
155	155
155	167
155	174
156	156
156	168
157	157
157	216
157	222
157	231
157	283
157	287
157	292
158	158
159	159
159	171
159	174
159	234
159	245
159	260
159	292
159	296
159	297
160	160
160	172
160	174
160	235
160	246
160	261
161	161
161	174
161	177
161	198
162	162
162	174
162	178
162	236
162	248
162	263
162	293
162	297
162	299
162	317
162	319
162	320
163	163
163	174
163	179
163	226
163	238
163	249
163	263
163	290
163	294
163	297
163	299
164	164
164	174
164	180
164	228
164	240
164	250
164	263
165	165
165	220
165	229
165	241
166	166
166	175
166	221
166	230
166	242
166	252
166	288
166	291
166	295
166	298
167	167
167	174
168	168
169	169
169	174
169	185
169	198
170	170
170	174
170	186
170	198
171	171
171	174
171	234
171	245
171	260
171	292
171	296
171	297
172	172
172	174
172	235
172	246
172	261
173	173
173	174
173	195
173	247
173	262
173	263
174	174
174	177
174	178
174	179
174	180
174	182
174	184
174	185
174	186
174	187
174	189
174	190
174	193
174	195
174	198
174	200
174	226
174	228
174	234
174	235
174	236
174	238
174	240
174	245
174	246
174	247
174	248
174	249
174	250
174	253
174	255
174	256
174	257
174	259
174	260
174	261
174	262
174	263
174	265
174	267
174	290
174	292
174	293
174	294
174	296
174	297
174	299
174	300
174	301
174	317
174	319
174	320
174	321
175	175
175	221
175	230
175	242
175	252
175	288
175	291
175	295
175	298
176	176
176	198
176	200
176	263
176	265
176	267
176	299
176	300
176	301
177	177
177	198
177	200
178	178
178	236
178	248
178	263
178	293
178	297
178	299
178	317
178	319
178	320
179	179
179	226
179	238
179	249
179	263
179	290
179	294
179	297
179	299
180	180
180	228
180	240
180	250
180	263
181	181
181	198
181	200
181	263
181	265
181	267
182	182
182	198
182	200
182	253
182	263
182	265
182	267
182	297
182	299
182	300
182	301
183	183
183	198
183	200
183	201
183	263
183	265
183	267
183	269
184	184
184	198
184	200
185	185
185	198
186	186
186	198
187	187
187	198
187	255
187	263
187	265
187	297
187	299
187	300
187	319
187	320
187	321
188	188
188	198
188	200
188	201
189	189
189	198
189	256
189	263
189	265
189	297
189	299
189	300
189	319
189	320
189	321
190	190
190	198
190	257
190	263
190	265
190	297
190	299
190	300
191	191
191	198
191	200
192	192
192	198
192	200
192	263
192	265
192	267
192	299
192	300
192	301
193	193
193	198
193	259
193	263
193	265
194	194
194	199
194	200
194	202
194	264
194	266
194	268
194	270
195	195
195	247
195	262
195	263
196	196
196	198
196	200
197	197
197	198
197	200
198	198
198	200
198	201
198	203
198	253
198	255
198	256
198	257
198	259
198	263
198	265
198	267
198	269
198	271
198	297
198	299
198	300
198	301
198	302
198	303
198	319
198	320
198	321
198	322
198	323
198	324
199	199
199	200
199	202
199	264
199	266
199	268
199	270
200	200
200	201
200	202
200	203
200	204
200	253
200	263
200	264
200	265
200	266
200	267
200	268
200	269
200	270
200	271
200	272
200	297
200	299
200	300
200	301
200	302
200	303
200	304
200	321
200	322
200	323
200	324
201	201
201	203
201	204
201	205
201	263
201	265
201	267
201	269
201	271
201	272
201	273
201	300
201	301
201	302
201	303
201	304
201	321
201	322
201	323
201	324
202	202
202	203
202	264
202	266
202	268
202	270
203	203
203	204
203	205
203	265
203	267
203	269
203	271
203	272
203	273
203	300
203	301
203	302
203	303
203	304
203	305
203	321
203	322
203	323
203	324
203	325
203	326
204	204
204	205
204	267
204	269
204	271
204	272
204	273
204	301
204	302
204	303
204	304
204	305
204	324
204	325
204	326
205	205
205	269
205	271
205	272
205	273
205	303
205	304
205	305
205	324
205	325
205	326
206	206
206	208
206	210
206	217
206	274
206	275
206	276
206	284
206	306
206	307
206	308
206	309
206	327
206	328
206	329
206	330
207	207
207	209
207	212
208	208
208	210
208	215
208	217
208	274
208	275
208	276
208	281
208	284
208	306
208	307
208	308
208	309
208	327
208	328
208	329
208	330
209	209
209	212
210	210
210	215
210	217
210	274
210	275
210	276
210	281
210	284
210	306
210	307
210	308
210	309
210	327
210	328
210	329
210	330
211	211
211	213
211	218
211	277
211	279
211	287
212	212
213	213
213	218
213	225
213	237
213	277
213	279
213	287
213	289
213	293
213	309
213	310
213	313
213	317
214	214
214	219
214	227
214	239
214	280
214	287
214	289
214	293
214	309
214	310
214	313
214	317
215	215
215	275
215	276
215	281
216	216
216	222
216	231
216	283
216	287
216	292
217	217
217	274
217	275
217	276
217	284
217	306
217	307
217	308
217	309
217	327
217	328
217	329
217	330
218	218
218	225
218	237
218	277
218	279
218	287
218	289
218	293
218	309
218	310
218	313
218	317
219	219
219	227
219	239
219	280
219	287
219	289
219	293
219	309
219	310
219	313
219	317
220	220
220	229
220	241
221	221
221	230
221	242
221	252
221	288
221	291
221	295
221	298
222	222
222	231
222	283
222	287
222	292
223	223
223	232
223	243
223	287
223	289
223	293
223	310
223	313
223	317
224	224
224	233
224	244
224	287
224	289
224	293
224	310
224	313
224	317
224	334
224	339
224	341
225	225
225	237
225	279
225	287
225	289
225	293
225	309
225	310
225	313
225	317
226	226
226	238
226	249
226	263
226	290
226	294
226	297
226	299
227	227
227	239
227	280
227	287
227	289
227	293
227	309
227	310
227	313
227	317
228	228
228	240
228	250
228	263
229	229
229	241
230	230
230	242
230	252
230	288
230	291
230	295
230	298
231	231
231	283
231	287
231	292
232	232
232	243
232	287
232	289
232	293
232	310
232	313
232	317
233	233
233	244
233	287
233	289
233	293
233	310
233	313
233	317
233	334
233	339
233	341
234	234
234	245
234	260
234	292
234	296
234	297
235	235
235	246
235	261
236	236
236	248
236	263
236	293
236	297
236	299
236	317
236	319
236	320
237	237
237	279
237	287
237	289
237	293
237	309
237	310
237	313
237	317
238	238
238	249
238	263
238	290
238	294
238	297
238	299
239	239
239	280
239	287
239	289
239	293
239	309
239	310
239	313
239	317
240	240
240	250
240	263
241	241
242	242
242	252
242	288
242	291
242	295
242	298
243	243
243	287
243	289
243	293
243	310
243	313
243	317
244	244
244	287
244	289
244	293
244	310
244	313
244	317
244	334
244	339
244	341
245	245
245	260
245	292
245	296
245	297
246	246
246	261
247	247
247	262
247	263
248	248
248	263
248	293
248	297
248	299
248	317
248	319
248	320
249	249
249	263
249	290
249	294
249	297
249	299
250	250
250	263
251	251
251	263
251	265
251	297
251	299
251	300
251	319
251	320
251	321
252	252
252	288
252	291
252	295
252	298
253	253
253	263
253	265
253	267
253	297
253	299
253	300
253	301
254	254
254	263
254	265
254	267
254	297
254	299
254	300
254	301
254	319
254	320
254	321
254	322
254	343
254	344
254	345
254	346
255	255
255	263
255	265
255	297
255	299
255	300
255	319
255	320
255	321
256	256
256	263
256	265
256	297
256	299
256	300
256	319
256	320
256	321
257	257
257	263
257	265
257	297
257	299
257	300
258	258
258	263
258	265
258	297
258	299
258	300
258	319
258	320
258	321
258	343
258	344
258	345
259	259
259	263
259	265
260	260
260	292
260	296
260	297
261	261
262	262
262	263
263	263
263	265
263	267
263	269
263	290
263	293
263	294
263	297
263	299
263	300
263	301
263	302
263	317
263	319
263	320
263	321
263	322
263	323
263	343
263	344
263	345
263	346
264	264
264	266
264	268
264	270
265	265
265	267
265	269
265	271
265	297
265	299
265	300
265	301
265	302
265	303
265	319
265	320
265	321
265	322
265	323
265	324
265	343
265	344
265	345
265	346
265	347
265	348
266	266
266	268
266	270
267	267
267	269
267	271
267	272
267	297
267	299
267	300
267	301
267	302
267	303
267	304
267	319
267	320
267	321
267	322
267	323
267	324
267	325
267	343
267	344
267	345
267	346
267	347
267	348
267	349
268	268
268	270
269	269
269	271
269	272
269	273
269	299
269	300
269	301
269	302
269	303
269	304
269	305
269	320
269	321
269	322
269	323
269	324
269	325
269	326
269	345
269	346
269	347
269	348
269	349
270	270
271	271
271	272
271	273
271	300
271	301
271	302
271	303
271	304
271	305
271	321
271	322
271	323
271	324
271	325
271	326
271	345
271	346
271	347
271	348
271	349
271	350
272	272
272	273
272	301
272	302
272	303
272	304
272	305
272	322
272	323
272	324
272	325
272	326
272	346
272	347
272	348
272	349
272	350
273	273
273	302
273	303
273	304
273	305
273	323
273	324
273	325
273	326
273	348
273	349
273	350
274	274
274	275
274	276
274	278
274	284
274	286
274	306
274	307
274	308
274	309
274	327
274	328
274	329
274	330
274	351
274	352
274	353
274	354
275	275
275	276
275	278
275	281
275	284
275	285
275	286
275	306
275	307
275	308
275	309
275	327
275	328
275	329
275	330
275	351
275	352
275	353
275	354
276	276
276	278
276	281
276	282
276	284
276	285
276	286
276	287
276	289
276	306
276	307
276	308
276	309
276	310
276	313
276	327
276	328
276	329
276	330
276	334
276	338
276	351
276	352
276	353
276	354
277	277
277	279
277	287
278	278
278	306
278	307
278	308
278	309
278	327
278	328
278	329
278	330
278	351
278	352
278	353
278	354
279	279
279	287
279	289
279	293
279	309
279	310
279	313
279	317
280	280
280	287
280	289
280	293
280	309
280	310
280	313
280	317
281	281
282	282
282	287
282	289
282	308
282	309
282	310
282	313
282	329
282	330
282	334
282	338
283	283
283	287
283	292
284	284
284	306
284	307
284	308
284	309
284	327
284	328
284	329
284	330
285	285
285	307
285	308
285	309
285	328
285	329
285	330
286	286
286	306
286	307
286	308
286	309
286	327
286	328
286	329
286	330
287	287
287	289
287	292
287	293
287	308
287	309
287	310
287	313
287	317
287	329
287	330
287	334
287	337
287	338
287	339
287	341
287	356
287	358
287	365
287	367
288	288
288	291
288	295
288	298
289	289
289	293
289	308
289	309
289	310
289	313
289	317
289	329
289	330
289	334
289	337
289	338
289	339
289	341
289	356
289	358
289	365
289	367
290	290
290	294
290	297
290	299
291	291
291	295
291	298
292	292
292	296
292	297
293	293
293	297
293	299
293	300
293	309
293	310
293	313
293	317
293	319
293	320
293	321
293	334
293	337
293	338
293	339
293	341
293	343
293	344
293	345
293	356
293	358
293	365
293	367
293	370
293	371
293	372
294	294
294	297
294	299
295	295
295	298
296	296
296	297
297	297
297	299
297	300
297	301
297	317
297	319
297	320
297	321
297	322
297	341
297	343
297	344
297	345
297	346
297	367
297	370
297	371
297	372
298	298
299	299
299	300
299	301
299	302
299	317
299	319
299	320
299	321
299	322
299	323
299	341
299	343
299	344
299	345
299	346
299	347
299	367
299	370
299	371
299	372
299	373
299	375
300	300
300	301
300	302
300	303
300	317
300	319
300	320
300	321
300	322
300	323
300	324
300	341
300	343
300	344
300	345
300	346
300	347
300	348
300	367
300	370
300	371
300	372
300	373
300	375
300	376
301	301
301	302
301	303
301	304
301	319
301	320
301	321
301	322
301	323
301	324
301	325
301	343
301	344
301	345
301	346
301	347
301	348
301	349
301	371
301	372
301	373
301	375
301	376
301	377
302	302
302	303
302	304
302	305
302	320
302	321
302	322
302	323
302	324
302	325
302	326
302	344
302	345
302	346
302	347
302	348
302	349
302	371
302	372
302	373
302	375
302	376
302	377
303	303
303	304
303	305
303	321
303	322
303	323
303	324
303	325
303	326
303	345
303	346
303	347
303	348
303	349
303	350
303	372
303	373
303	375
303	376
303	377
303	378
304	304
304	305
304	322
304	323
304	324
304	325
304	326
304	346
304	347
304	348
304	349
304	350
304	373
304	375
304	376
304	377
304	378
305	305
305	323
305	324
305	325
305	326
305	348
305	349
305	350
305	376
305	377
305	378
306	306
306	307
306	308
306	309
306	327
306	328
306	329
306	330
306	351
306	352
306	353
306	354
306	379
306	380
306	381
306	383
307	307
307	308
307	309
307	312
307	327
307	328
307	329
307	330
307	333
307	351
307	352
307	353
307	354
307	356
307	379
307	380
307	381
307	383
307	385
308	308
308	309
308	310
308	312
308	313
308	327
308	328
308	329
308	330
308	333
308	334
308	338
308	351
308	352
308	353
308	354
308	356
308	379
308	380
308	381
308	383
308	385
309	309
309	310
309	311
309	312
309	313
309	314
309	317
309	327
309	328
309	329
309	330
309	331
309	332
309	333
309	334
309	335
309	338
309	341
309	351
309	352
309	353
309	354
309	356
309	359
309	367
309	379
309	380
309	381
309	383
309	385
310	310
310	313
310	317
310	329
310	330
310	334
310	337
310	338
310	339
310	341
310	356
310	358
310	365
310	367
311	311
311	314
311	317
311	331
311	332
311	335
311	341
311	354
311	356
311	359
311	367
312	312
312	328
312	329
312	330
312	333
312	352
312	353
312	354
312	356
312	380
312	381
312	383
312	385
313	313
313	317
313	329
313	330
313	334
313	337
313	338
313	339
313	341
313	356
313	358
313	365
313	367
314	314
314	317
314	331
314	332
314	335
314	341
314	354
314	356
314	359
314	367
315	315
315	317
315	319
315	320
315	336
315	341
315	343
315	344
315	360
315	367
315	370
315	371
316	316
316	317
316	319
316	340
316	341
316	343
316	366
316	367
316	370
317	317
317	319
317	320
317	321
317	331
317	332
317	334
317	335
317	336
317	337
317	338
317	339
317	340
317	341
317	343
317	344
317	345
317	354
317	356
317	358
317	359
317	360
317	365
317	366
317	367
317	370
317	371
317	372
317	389
317	391
317	393
317	395
318	318
318	319
318	320
318	342
318	343
318	344
318	368
318	370
318	371
319	319
319	320
319	321
319	322
319	336
319	340
319	341
319	342
319	343
319	344
319	345
319	346
319	360
319	366
319	367
319	368
319	370
319	371
319	372
319	389
319	391
319	393
319	395
320	320
320	321
320	322
320	323
320	336
320	341
320	342
320	343
320	344
320	345
320	346
320	347
320	360
320	367
320	368
320	370
320	371
320	372
320	373
320	375
320	389
320	391
320	393
320	395
321	321
321	322
321	323
321	324
321	341
321	343
321	344
321	345
321	346
321	347
321	348
321	367
321	370
321	371
321	372
321	373
321	375
321	376
321	389
321	391
321	393
321	395
322	322
322	323
322	324
322	325
322	343
322	344
322	345
322	346
322	347
322	348
322	349
322	371
322	372
322	373
322	375
322	376
322	377
322	397
322	398
322	399
323	323
323	324
323	325
323	326
323	344
323	345
323	346
323	347
323	348
323	349
323	350
323	371
323	372
323	373
323	375
323	376
323	377
323	378
323	397
323	398
323	399
324	324
324	325
324	326
324	345
324	346
324	347
324	348
324	349
324	350
324	372
324	373
324	375
324	376
324	377
324	378
324	397
324	398
324	399
324	400
324	401
325	325
325	326
325	346
325	347
325	348
325	349
325	350
325	373
325	375
325	376
325	377
325	378
325	399
325	400
325	401
326	326
326	347
326	348
326	349
326	350
326	375
326	376
326	377
326	378
326	399
326	400
326	401
327	327
327	328
327	329
327	330
327	351
327	352
327	353
327	354
327	379
327	380
327	381
327	383
327	410
327	412
327	413
327	414
328	328
328	329
328	330
328	333
328	351
328	352
328	353
328	354
328	356
328	379
328	380
328	381
328	383
328	385
328	410
328	412
328	413
328	414
328	416
329	329
329	330
329	333
329	334
329	338
329	351
329	352
329	353
329	354
329	356
329	379
329	380
329	381
329	383
329	385
329	410
329	412
329	413
329	414
329	416
330	330
330	333
330	334
330	338
330	351
330	352
330	353
330	354
330	356
330	379
330	380
330	381
330	383
330	385
330	413
330	414
330	416
331	331
331	332
331	335
331	341
331	354
331	356
331	359
331	367
332	332
332	335
332	341
332	354
332	356
332	359
332	367
333	333
333	352
333	353
333	354
333	356
333	380
333	381
333	383
333	385
334	334
334	337
334	338
334	339
334	341
334	356
334	358
334	365
334	367
335	335
335	341
335	354
335	356
335	359
335	367
336	336
336	341
336	343
336	344
336	360
336	367
336	370
336	371
337	337
337	341
337	356
337	358
337	367
338	338
338	341
338	356
338	365
338	367
339	339
339	341
340	340
340	341
340	343
340	366
340	367
340	370
341	341
341	343
341	344
341	345
341	354
341	356
341	358
341	359
341	360
341	365
341	366
341	367
341	370
341	371
341	372
341	389
341	391
341	393
341	395
341	423
341	424
341	426
342	342
342	343
342	344
342	368
342	370
342	371
343	343
343	344
343	345
343	346
343	360
343	366
343	367
343	368
343	370
343	371
343	372
343	373
343	389
343	391
343	393
343	395
343	397
343	423
343	424
343	426
343	428
343	430
344	344
344	345
344	346
344	347
344	360
344	367
344	368
344	370
344	371
344	372
344	373
344	375
344	389
344	391
344	393
344	395
344	397
344	398
344	423
344	424
344	426
344	428
344	430
344	431
345	345
345	346
345	347
345	348
345	367
345	370
345	371
345	372
345	373
345	375
345	376
345	389
345	391
345	393
345	395
345	397
345	398
345	399
345	424
345	426
345	428
345	430
345	431
345	432
346	346
346	347
346	348
346	349
346	370
346	371
346	372
346	373
346	375
346	376
346	377
346	391
346	393
346	395
346	397
346	398
346	399
346	400
346	424
346	426
346	428
346	430
346	431
346	432
346	433
347	347
347	348
347	349
347	350
347	371
347	372
347	373
347	375
347	376
347	377
347	378
347	393
347	395
347	397
347	398
347	399
347	400
347	426
347	428
347	430
347	431
347	432
347	433
348	348
348	349
348	350
348	372
348	373
348	375
348	376
348	377
348	378
348	395
348	397
348	398
348	399
348	400
348	401
348	428
348	430
348	431
348	432
348	433
348	434
349	349
349	350
349	373
349	375
349	376
349	377
349	378
349	397
349	398
349	399
349	400
349	401
349	430
349	431
349	432
349	433
349	434
350	350
350	375
350	376
350	377
350	378
350	399
350	400
350	401
350	432
350	433
350	434
351	351
351	352
351	353
351	354
351	379
351	380
351	381
351	383
351	402
351	406
351	409
351	410
351	412
351	413
351	414
351	416
351	438
351	440
351	441
352	352
352	353
352	354
352	356
352	379
352	380
352	381
352	383
352	385
352	402
352	406
352	409
352	410
352	412
352	413
352	414
352	416
352	419
352	438
352	440
352	441
352	442
352	444
353	353
353	354
353	355
353	356
353	357
353	379
353	380
353	381
353	382
353	383
353	384
353	385
353	386
353	402
353	406
353	409
353	410
353	412
353	413
353	414
353	415
353	416
353	418
353	419
353	420
353	438
353	440
353	441
353	442
353	444
354	354
354	356
354	359
354	363
354	364
354	367
354	369
354	379
354	380
354	381
354	383
354	385
354	387
354	389
354	409
354	413
354	414
354	416
354	419
354	422
354	423
354	440
354	441
354	442
354	444
354	447
354	450
355	355
355	357
355	382
355	384
355	386
355	415
355	418
355	420
356	356
356	358
356	359
356	363
356	364
356	365
356	367
356	369
356	380
356	381
356	383
356	385
356	387
356	389
356	413
356	414
356	416
356	419
356	422
356	423
356	440
356	441
356	442
356	444
356	447
356	450
357	357
357	382
357	384
357	386
357	415
357	418
357	420
358	358
358	367
358	370
358	387
358	389
358	391
358	422
358	423
358	424
359	359
359	367
360	360
360	367
360	370
360	371
361	361
361	367
361	370
361	387
361	389
361	391
361	422
361	423
361	424
362	362
362	367
362	370
362	387
362	389
362	391
362	422
362	423
362	424
363	363
363	383
363	385
363	387
363	416
363	419
363	422
363	442
363	444
363	447
364	364
364	369
364	383
364	385
364	387
364	389
364	416
364	419
364	422
364	423
364	442
364	444
364	447
364	450
365	365
365	367
366	366
366	367
366	370
367	367
367	370
367	371
367	372
367	387
367	389
367	391
367	393
367	395
367	422
367	423
367	424
367	426
368	368
368	370
368	371
369	369
369	383
369	385
369	387
369	389
369	416
369	419
369	422
369	423
369	442
369	444
369	447
369	450
370	370
370	371
370	372
370	373
370	387
370	389
370	391
370	393
370	395
370	397
370	422
370	423
370	424
370	426
370	428
370	430
370	452
370	455
370	457
371	371
371	372
371	373
371	374
371	375
371	389
371	391
371	393
371	395
371	397
371	398
371	423
371	424
371	426
371	428
371	430
371	431
371	452
371	455
371	457
372	372
372	373
372	374
372	375
372	376
372	389
372	391
372	393
372	395
372	397
372	398
372	399
372	424
372	426
372	428
372	430
372	431
372	432
372	452
372	455
372	457
372	459
372	460
372	461
373	373
373	375
373	376
373	377
373	391
373	393
373	395
373	397
373	398
373	399
373	400
373	424
373	426
373	428
373	430
373	431
373	432
373	433
373	457
373	459
373	460
373	461
374	374
374	393
374	395
374	397
374	426
374	428
374	430
375	375
375	376
375	377
375	378
375	393
375	395
375	397
375	398
375	399
375	400
375	401
375	426
375	428
375	430
375	431
375	432
375	433
375	434
375	457
375	459
375	460
375	461
375	462
375	466
375	468
376	376
376	377
376	378
376	395
376	397
376	398
376	399
376	400
376	401
376	428
376	430
376	431
376	432
376	433
376	434
376	457
376	459
376	460
376	461
376	462
376	464
376	466
376	468
377	377
377	378
377	397
377	398
377	399
377	400
377	401
377	430
377	431
377	432
377	433
377	434
377	460
377	461
377	462
377	464
377	466
377	468
378	378
378	398
378	399
378	400
378	401
378	431
378	432
378	433
378	434
378	460
378	461
378	462
378	464
378	466
378	468
379	379
379	380
379	381
379	383
379	402
379	403
379	405
379	406
379	408
379	409
379	410
379	412
379	413
379	414
379	416
379	435
379	436
379	438
379	440
379	441
379	442
380	380
380	381
380	383
380	385
380	402
380	403
380	405
380	406
380	408
380	409
380	410
380	412
380	413
380	414
380	416
380	419
380	435
380	436
380	438
380	440
380	441
380	442
380	444
380	470
380	471
380	472
381	381
381	383
381	385
381	387
381	402
381	403
381	405
381	406
381	408
381	409
381	410
381	412
381	413
381	414
381	416
381	419
381	422
381	435
381	436
381	438
381	440
381	441
381	442
381	444
381	447
381	470
381	471
381	472
381	473
381	475
382	382
382	384
382	386
382	415
382	418
382	420
383	383
383	385
383	387
383	389
383	403
383	409
383	413
383	414
383	416
383	419
383	422
383	423
383	435
383	440
383	441
383	442
383	444
383	447
383	450
383	470
383	471
383	472
383	473
383	475
384	384
384	386
384	415
384	418
384	420
385	385
385	387
385	389
385	413
385	414
385	416
385	419
385	422
385	423
385	440
385	441
385	442
385	444
385	447
385	450
385	471
385	472
385	473
385	475
386	386
386	415
386	418
386	420
387	387
387	388
387	389
387	390
387	391
387	414
387	416
387	419
387	421
387	422
387	423
387	424
387	441
387	442
387	444
387	446
387	447
387	449
387	450
387	452
387	471
387	472
387	473
387	475
388	388
388	390
388	421
388	423
388	424
388	446
388	449
388	452
389	389
389	391
389	393
389	395
389	416
389	419
389	422
389	423
389	424
389	426
389	442
389	444
389	447
389	450
389	452
389	455
390	390
390	421
390	423
390	424
390	446
390	449
390	452
391	391
391	393
391	395
391	397
391	422
391	423
391	424
391	426
391	428
391	430
391	447
391	450
391	452
391	455
391	457
391	459
391	477
391	479
391	480
391	481
392	392
392	394
392	396
392	425
392	427
392	429
392	454
392	456
392	458
393	393
393	395
393	397
393	398
393	423
393	424
393	426
393	428
393	430
393	431
393	450
393	452
393	455
393	457
393	459
393	460
393	477
393	479
393	480
393	481
393	482
394	394
394	396
394	425
394	427
394	429
394	454
394	456
394	458
395	395
395	397
395	398
395	399
395	424
395	426
395	428
395	430
395	431
395	432
395	452
395	455
395	457
395	459
395	460
395	461
395	477
395	479
395	480
395	481
395	482
395	483
396	396
396	425
396	427
396	429
396	454
396	456
396	458
397	397
397	398
397	399
397	400
397	424
397	426
397	428
397	430
397	431
397	432
397	433
397	452
397	455
397	457
397	459
397	460
397	461
397	477
397	479
397	480
397	481
397	482
397	483
398	398
398	399
398	400
398	401
398	426
398	428
398	430
398	431
398	432
398	433
398	434
398	455
398	457
398	459
398	460
398	461
398	462
398	464
398	466
398	468
398	479
398	480
398	481
398	482
398	483
398	485
398	488
399	399
399	400
399	401
399	428
399	430
399	431
399	432
399	433
399	434
399	457
399	459
399	460
399	461
399	462
399	464
399	466
399	467
399	468
399	480
399	481
399	482
399	483
399	485
399	486
399	488
399	489
400	400
400	401
400	430
400	431
400	432
400	433
400	434
400	460
400	461
400	462
400	464
400	466
400	467
400	468
400	482
400	483
400	485
400	486
400	488
400	489
401	401
401	431
401	432
401	433
401	434
401	460
401	461
401	462
401	464
401	466
401	467
401	468
401	482
401	483
401	485
401	486
401	488
401	489
402	402
402	413
402	414
403	403
403	413
403	414
403	416
403	435
403	440
403	441
403	442
404	404
404	413
404	414
404	435
404	440
404	441
404	469
404	470
404	471
405	405
405	413
405	414
405	435
405	440
405	441
406	406
406	413
406	414
406	438
406	440
406	441
407	407
407	413
407	414
407	416
407	439
407	440
407	441
407	442
407	469
407	470
407	471
407	472
408	408
408	413
408	414
408	436
408	440
408	441
409	409
409	413
409	414
409	416
410	410
410	413
410	414
411	411
411	413
411	414
411	416
411	436
411	440
411	441
411	442
411	469
411	470
411	471
411	472
412	412
412	413
412	414
413	413
413	414
413	416
413	419
413	435
413	436
413	438
413	439
413	440
413	441
413	442
413	444
413	469
413	470
413	471
413	472
413	473
413	494
413	495
413	496
414	414
414	416
414	419
414	422
414	435
414	436
414	438
414	439
414	440
414	441
414	442
414	444
414	447
414	469
414	470
414	471
414	472
414	473
414	475
414	494
414	495
414	496
414	500
415	415
415	418
415	420
416	416
416	419
416	422
416	423
416	435
416	436
416	439
416	440
416	441
416	442
416	444
416	447
416	450
416	469
416	470
416	471
416	472
416	473
416	475
416	494
416	495
416	496
416	500
417	417
417	419
417	422
417	443
417	444
417	447
417	472
417	473
417	475
417	497
417	500
417	501
418	418
418	420
419	419
419	422
419	423
419	424
419	440
419	441
419	442
419	443
419	444
419	447
419	450
419	452
419	470
419	471
419	472
419	473
419	475
419	476
419	477
419	495
419	496
419	497
419	500
419	501
419	502
420	420
421	421
421	423
421	424
421	446
421	449
421	452
422	422
422	423
422	424
422	426
422	441
422	442
422	443
422	444
422	447
422	450
422	452
422	455
422	471
422	472
422	473
422	475
422	476
422	477
422	479
422	497
422	500
422	501
422	502
422	503
422	507
423	423
423	424
423	426
423	442
423	444
423	446
423	447
423	449
423	450
423	452
423	455
423	473
423	475
423	476
423	477
423	479
423	500
423	501
423	502
423	503
423	507
424	424
424	426
424	428
424	430
424	444
424	446
424	447
424	449
424	450
424	452
424	455
424	457
424	459
424	473
424	475
424	476
424	477
424	479
424	480
424	481
424	501
424	502
424	503
424	507
424	508
425	425
425	427
425	429
425	454
425	456
425	458
426	426
426	428
426	430
426	431
426	447
426	450
426	452
426	455
426	457
426	459
426	460
426	475
426	476
426	477
426	479
426	480
426	481
426	482
426	501
426	502
426	503
426	507
426	508
427	427
427	429
427	454
427	456
427	458
428	428
428	430
428	431
428	432
428	452
428	455
428	457
428	459
428	460
428	461
428	477
428	479
428	480
428	481
428	482
428	483
428	503
428	507
428	508
428	509
428	510
429	429
429	454
429	456
429	458
430	430
430	431
430	432
430	433
430	452
430	455
430	457
430	459
430	460
430	461
430	477
430	479
430	480
430	481
430	482
430	483
430	508
430	509
430	510
430	511
431	431
431	432
431	433
431	434
431	455
431	457
431	459
431	460
431	461
431	462
431	464
431	466
431	468
431	479
431	480
431	481
431	482
431	483
431	485
431	488
431	508
431	509
431	510
431	511
431	513
432	432
432	433
432	434
432	457
432	459
432	460
432	461
432	462
432	463
432	464
432	465
432	466
432	467
432	468
432	480
432	481
432	482
432	483
432	484
432	485
432	486
432	487
432	488
432	489
432	509
432	510
432	511
432	512
432	513
432	514
433	433
433	434
433	460
433	461
433	462
433	463
433	464
433	465
433	466
433	467
433	468
433	482
433	483
433	484
433	485
433	486
433	487
433	488
433	489
433	510
433	511
433	512
433	513
433	514
434	434
434	460
434	461
434	462
434	463
434	464
434	465
434	466
434	467
434	468
434	482
434	483
434	484
434	485
434	486
434	487
434	488
434	489
434	511
434	512
434	514
435	435
435	440
435	441
435	442
435	469
435	470
435	471
435	472
435	490
435	494
435	495
435	496
436	436
436	440
436	441
436	442
436	469
436	470
436	471
436	472
436	491
436	493
436	494
436	495
436	496
437	437
437	440
437	441
437	442
437	469
437	470
437	471
437	472
437	492
437	494
437	495
437	496
438	438
438	440
438	441
439	439
439	440
439	441
439	442
439	469
439	470
439	471
439	472
440	440
440	441
440	442
440	444
440	469
440	470
440	471
440	472
440	473
440	490
440	491
440	492
440	493
440	494
440	495
440	496
440	500
440	516
440	517
440	518
441	441
441	442
441	444
441	447
441	469
441	470
441	471
441	472
441	473
441	475
441	490
441	491
441	492
441	493
441	494
441	495
441	496
441	500
441	516
441	517
441	518
441	520
442	442
442	444
442	447
442	450
442	469
442	470
442	471
442	472
442	473
442	475
442	490
442	491
442	492
442	494
442	495
442	496
442	500
442	516
442	517
442	518
442	520
443	443
443	444
443	447
443	472
443	473
443	475
443	497
443	500
443	501
444	444
444	447
444	450
444	452
444	470
444	471
444	472
444	473
444	475
444	476
444	477
444	494
444	495
444	496
444	497
444	500
444	501
444	502
444	503
444	517
444	518
444	520
444	521
444	522
444	523
445	445
445	448
445	451
445	453
445	474
445	475
445	476
445	478
445	500
445	501
445	502
445	504
446	446
446	449
446	452
447	447
447	450
447	452
447	455
447	471
447	472
447	473
447	475
447	476
447	477
447	479
447	497
447	500
447	501
447	502
447	503
447	507
447	520
447	521
447	522
447	523
448	448
448	451
448	453
448	474
448	475
448	476
448	478
448	500
448	501
448	502
448	504
449	449
449	452
450	450
450	452
450	455
450	457
450	473
450	475
450	476
450	477
450	479
450	480
450	500
450	501
450	502
450	503
450	507
450	508
450	520
450	521
450	522
450	523
450	524
450	525
451	451
451	453
451	474
451	475
451	476
451	478
451	500
451	501
451	502
451	504
452	452
452	455
452	457
452	459
452	473
452	475
452	476
452	477
452	479
452	480
452	481
452	500
452	501
452	502
452	503
452	507
452	508
452	509
452	520
452	521
452	522
452	523
452	524
452	525
452	526
453	453
453	474
453	475
453	476
453	478
453	500
453	501
453	502
453	504
454	454
454	456
454	458
455	455
455	457
455	459
455	460
455	475
455	476
455	477
455	479
455	480
455	481
455	482
455	501
455	502
455	503
455	507
455	508
455	509
455	522
455	523
455	524
455	525
455	526
456	456
456	458
457	457
457	459
457	460
457	461
457	476
457	477
457	479
457	480
457	481
457	482
457	483
457	502
457	503
457	507
457	508
457	509
457	510
457	511
457	522
457	523
457	524
457	525
457	526
457	527
457	528
457	529
457	530
458	458
459	459
459	460
459	461
459	477
459	479
459	480
459	481
459	482
459	483
459	503
459	507
459	508
459	509
459	510
459	511
459	523
459	524
459	525
459	526
459	527
459	528
459	529
459	530
460	460
460	461
460	462
460	464
460	466
460	468
460	479
460	480
460	481
460	482
460	483
460	485
460	488
460	508
460	509
460	510
460	511
460	513
460	525
460	526
460	527
460	528
460	529
460	530
461	461
461	462
461	463
461	464
461	465
461	466
461	467
461	468
461	480
461	481
461	482
461	483
461	484
461	485
461	486
461	487
461	488
461	489
461	508
461	509
461	510
461	511
461	512
461	513
461	514
461	525
461	526
461	527
461	528
461	529
461	530
462	462
462	464
462	466
462	467
462	468
462	482
462	483
462	485
462	486
462	488
462	489
462	510
462	511
462	513
463	463
463	465
463	483
463	484
463	487
463	511
463	512
463	514
464	464
464	482
464	483
464	485
464	488
465	465
465	483
465	484
465	487
465	511
465	512
465	514
466	466
467	467
467	483
467	486
467	489
468	468
469	469
469	470
469	471
469	472
469	490
469	491
469	492
469	493
469	494
469	495
469	496
469	515
469	516
469	517
469	518
470	470
470	471
470	472
470	473
470	490
470	491
470	492
470	493
470	494
470	495
470	496
470	500
470	515
470	516
470	517
470	518
470	520
471	471
471	472
471	473
471	475
471	490
471	491
471	492
471	493
471	494
471	495
471	496
471	500
471	501
471	515
471	516
471	517
471	518
471	520
471	521
472	472
472	473
472	475
472	476
472	490
472	491
472	492
472	493
472	494
472	495
472	496
472	497
472	499
472	500
472	501
472	502
472	515
472	516
472	517
472	518
472	519
472	520
472	521
472	522
473	473
473	475
473	476
473	477
473	494
473	495
473	496
473	497
473	499
473	500
473	501
473	502
473	503
473	516
473	517
473	518
473	519
473	520
473	521
473	522
473	523
474	474
474	475
474	476
474	478
474	500
474	501
474	502
474	504
475	475
475	476
475	477
475	478
475	479
475	495
475	496
475	497
475	499
475	500
475	501
475	502
475	503
475	504
475	507
475	517
475	518
475	519
475	520
475	521
475	522
475	523
475	524
476	476
476	477
476	478
476	479
476	480
476	496
476	499
476	500
476	501
476	502
476	503
476	504
476	507
476	508
476	518
476	519
476	520
476	521
476	522
476	523
476	524
476	525
477	477
477	479
477	480
477	481
477	500
477	501
477	502
477	503
477	507
477	508
477	509
477	520
477	521
477	522
477	523
477	524
477	525
477	526
478	478
478	500
478	501
478	502
478	504
479	479
479	480
479	481
479	482
479	501
479	502
479	503
479	507
479	508
479	509
479	521
479	522
479	523
479	524
479	525
479	526
480	480
480	481
480	482
480	483
480	502
480	503
480	507
480	508
480	509
480	510
480	511
480	522
480	523
480	524
480	525
480	526
480	527
480	528
480	529
480	530
481	481
481	482
481	483
481	503
481	507
481	508
481	509
481	510
481	511
481	523
481	524
481	525
481	526
481	527
481	528
481	529
481	530
482	482
482	483
482	485
482	488
482	508
482	509
482	510
482	511
482	513
482	525
482	526
482	527
482	528
482	529
482	530
483	483
483	484
483	485
483	486
483	487
483	488
483	489
483	508
483	509
483	510
483	511
483	512
483	513
483	514
483	525
483	526
483	527
483	528
483	529
483	530
484	484
484	487
484	511
484	512
484	514
485	485
485	488
485	510
485	511
485	513
486	486
486	489
487	487
487	511
487	512
487	514
488	488
489	489
490	490
490	494
490	495
490	496
491	491
491	494
491	495
491	496
492	492
492	494
492	495
492	496
493	493
493	494
493	495
493	496
493	515
493	516
493	517
493	518
494	494
494	495
494	496
494	500
494	515
494	516
494	517
494	518
494	520
495	495
495	496
495	500
495	501
495	515
495	516
495	517
495	518
495	520
495	521
496	496
496	500
496	501
496	502
496	515
496	516
496	517
496	518
496	520
496	521
496	522
497	497
497	500
497	501
498	498
498	500
498	501
498	518
498	520
498	521
499	499
499	500
499	501
499	502
499	519
499	520
499	521
499	522
500	500
500	501
500	502
500	503
500	504
500	505
500	516
500	517
500	518
500	519
500	520
500	521
500	522
500	523
501	501
501	502
501	503
501	504
501	505
501	506
501	507
501	517
501	518
501	519
501	520
501	521
501	522
501	523
501	524
502	502
502	503
502	504
502	505
502	506
502	507
502	508
502	518
502	519
502	520
502	521
502	522
502	523
502	524
502	525
503	503
503	507
503	508
503	509
503	520
503	521
503	522
503	523
503	524
503	525
503	526
504	504
505	505
505	520
505	521
505	522
505	523
506	506
506	521
506	522
506	523
507	507
507	508
507	509
507	521
507	522
507	523
507	524
507	525
507	526
508	508
508	509
508	510
508	511
508	522
508	523
508	524
508	525
508	526
508	527
508	528
508	529
508	530
509	509
509	510
509	511
509	523
509	524
509	525
509	526
509	527
509	528
509	529
509	530
510	510
510	511
510	513
510	525
510	526
510	527
510	528
510	529
510	530
511	511
511	512
511	513
511	514
511	525
511	526
511	527
511	528
511	529
511	530
512	512
512	514
513	513
514	514
515	515
515	516
515	517
515	518
516	516
516	517
516	518
516	520
517	517
517	518
517	520
517	521
518	518
518	520
518	521
518	522
519	519
519	520
519	521
519	522
520	520
520	521
520	522
520	523
521	521
521	522
521	523
521	524
522	522
522	523
522	524
522	525
523	523
523	524
523	525
523	526
524	524
524	525
524	526
525	525
525	526
525	527
525	528
525	529
525	530
526	526
526	527
526	528
526	529
526	530
527	527
527	529
528	528
528	530
529	529
530	530
