"name"	"membership"	"in.singleton"	"vertex"	"mean.knn"	"f.state"	"mean.t"	"size"	"scaled.knn"	"is.extremum"	"basin"
"v1"	1	FALSE	1	0.19157253753342	0.492753623188406	1.92753623188406	69	0.00277641358744087	TRUE	1
"v2"	1	FALSE	2	0.204353718593613	0.5625	3.125	16	0.0127721074121008	FALSE	1
"v3"	1	FALSE	3	0.300800777162803	0	0	1	0.300800777162803	FALSE	1
"v4"	1	FALSE	4	0.233517403824574	1	2.18181818181818	11	0.0212288548931431	FALSE	1
"v5"	1	FALSE	5	0.265413592410256	1	5	1	0.265413592410256	FALSE	1
"v6"	1	FALSE	6	0.24820481032908	0.833333333333333	3.66666666666667	6	0.04136746838818	FALSE	NA
"v7"	1	FALSE	7	0.258887240229308	1	7	1	0.258887240229308	FALSE	2
"v8"	1	FALSE	8	0.245730771273907	1	3.33333333333333	3	0.0819102570913023	FALSE	NA
"v9"	1	FALSE	9	0.311010547109041	1	0	1	0.311010547109041	FALSE	2
"v10"	1	FALSE	10	0.225528255306708	0	6	1	0.225528255306708	FALSE	2
"v11"	1	FALSE	11	0.24820481032908	0.833333333333333	3.66666666666667	6	0.04136746838818	FALSE	NA
"v12"	1	FALSE	12	0.278385633298374	1	10	1	0.278385633298374	FALSE	2
"v13"	1	FALSE	13	0.258887240229308	1	7	1	0.258887240229308	FALSE	2
"v14"	1	FALSE	14	0.209815054294219	1	2	1	0.209815054294219	FALSE	2
"v15"	1	FALSE	15	0.210665538255122	1	5	1	0.210665538255122	FALSE	2
"v16"	1	FALSE	16	0.242713750727951	1	3.75	4	0.0606784376819878	FALSE	NA
"v17"	1	FALSE	17	0.311010547109041	1	0	1	0.311010547109041	FALSE	2
"v18"	1	FALSE	18	0.268526115099076	1	2	1	0.268526115099076	FALSE	2
"v19"	1	FALSE	19	0.220027902562951	0.5	14	2	0.110013951281475	FALSE	2
"v20"	1	FALSE	20	0.238246231921339	0.72	6.12	25	0.00952984927685357	FALSE	2
"v21"	1	FALSE	21	0.223034764179139	0.655172413793103	8	29	0.0076908539372117	FALSE	2
"v22"	1	FALSE	22	0.213579772318782	0.685714285714286	7.17142857142857	35	0.00610227920910805	TRUE	2
"v23"	1	FALSE	23	0.208078449624667	0.676470588235294	7.41176470588235	34	0.00611995440072549	FALSE	2
"v24"	1	FALSE	24	0.203431788309438	0.733333333333333	7.9	30	0.00678105961031461	FALSE	2
"v25"	1	FALSE	25	0.198198841081802	0.619047619047619	9.95238095238095	21	0.00943804005151438	FALSE	2
"v26"	1	FALSE	26	0.193101811922509	0.526315789473684	13	19	0.0101632532590794	FALSE	6
"v27"	1	FALSE	27	0.24918111179684	1	12	1	0.24918111179684	FALSE	6
"v28"	1	FALSE	28	0.193689232823467	0.5	13.3125	16	0.0121055770514667	FALSE	6
"v29"	1	FALSE	29	0.195857797598459	0.619047619047619	13.1428571428571	21	0.00932656179040281	FALSE	6
"v30"	1	FALSE	30	0.200458441943136	0.8	12.5714285714286	35	0.00572738405551818	FALSE	6
"v31"	2	FALSE	31	0.338309941724676	0.5	0	2	0.169154970862338	TRUE	3
"v32"	1	FALSE	32	0.197576126323078	0.396551724137931	2.6551724137931	58	0.0034064849366048	FALSE	1
"v33"	1	FALSE	33	0.206857099421485	0.428571428571429	3.38095238095238	21	0.00985033806768977	FALSE	1
"v34"	2	FALSE	34	0.338309941724676	0.5	0	2	0.169154970862338	TRUE	3
"v35"	1	FALSE	35	0.300800777162803	0	0	1	0.300800777162803	FALSE	1
"v36"	1	FALSE	36	0.265413592410256	1	5	1	0.265413592410256	FALSE	1
"v37"	2	FALSE	37	0.338309941724676	0.5	0	2	0.169154970862338	TRUE	3
"v38"	1	FALSE	38	0.217485493844717	1	4	1	0.217485493844717	FALSE	1
"v39"	1	FALSE	39	0.220973744097307	0	0	1	0.220973744097307	FALSE	NA
"v40"	1	FALSE	40	0.265413592410256	1	5	1	0.265413592410256	FALSE	1
"v41"	1	FALSE	41	0.232620237427455	0	9	2	0.116310118713727	FALSE	2
"v42"	1	FALSE	42	0.276875802570231	1	6.5	2	0.138437901285116	FALSE	2
"v43"	1	FALSE	43	0.209815054294219	1	2	1	0.209815054294219	FALSE	2
"v44"	1	FALSE	44	0.210665538255122	1	5	1	0.210665538255122	FALSE	2
"v45"	1	FALSE	45	0.268526115099076	1	2	1	0.268526115099076	FALSE	2
"v46"	1	FALSE	46	0.220027902562951	0.5	14	2	0.110013951281475	FALSE	2
"v47"	1	FALSE	47	0.239712219548202	0	12	1	0.239712219548202	FALSE	2
"v48"	1	FALSE	48	0.228475277816915	0.625	8.25	16	0.0142797048635572	FALSE	2
"v49"	1	FALSE	49	0.22104149924968	0.608695652173913	9.17391304347826	23	0.00961049996737737	FALSE	2
"v50"	1	FALSE	50	0.21058850560971	0.666666666666667	8.66666666666667	27	0.00779957428184109	FALSE	2
"v51"	1	FALSE	51	0.207494308259202	0.689655172413793	8.48275862068966	29	0.00715497614686905	FALSE	2
"v52"	1	FALSE	52	0.202786181497232	0.714285714285714	9.10714285714286	28	0.00724236362490113	FALSE	2
"v53"	1	FALSE	53	0.202600331587278	0.625	10	24	0.00844168048280325	FALSE	2
"v54"	1	FALSE	54	0.199287004929248	0.454545454545455	12.5	22	0.00905850022405672	FALSE	6
"v55"	1	FALSE	55	0.1914846778413	0.571428571428571	13.5714285714286	21	0.00911831799244286	FALSE	6
"v56"	1	FALSE	56	0.273295349551649	1	1	1	0.273295349551649	FALSE	NA
"v57"	1	FALSE	57	0.185330974207365	0.757575757575758	13.7575757575758	33	0.00561609012749591	FALSE	6
"v58"	1	FALSE	58	0.17815731523758	0.839285714285714	13.8928571428571	56	0.0031813806292425	FALSE	6
"v59"	1	FALSE	59	0.211692690901796	0.433962264150943	3.35849056603774	53	0.00399420171512822	FALSE	1
"v60"	2	FALSE	60	0.338309941724676	0.5	0	2	0.169154970862338	TRUE	3
"v61"	1	FALSE	61	0.21242040069518	0.485714285714286	3.82857142857143	35	0.00606915430557657	FALSE	1
"v62"	2	FALSE	62	0.338309941724676	0.5	0	2	0.169154970862338	TRUE	3
"v63"	1	FALSE	63	0.300800777162803	0	0	1	0.300800777162803	FALSE	1
"v64"	2	FALSE	64	0.338309941724676	0.5	0	2	0.169154970862338	TRUE	3
"v65"	1	FALSE	65	0.233289685318412	1	4	1	0.233289685318412	FALSE	NA
"v66"	1	FALSE	66	0.216858089258205	1	4.5	2	0.108429044629102	FALSE	1
"v67"	1	FALSE	67	0.202748461019195	1	7	1	0.202748461019195	FALSE	NA
"v68"	1	FALSE	68	0.220973744097307	0	0	1	0.220973744097307	FALSE	NA
"v69"	1	FALSE	69	0.234715847588773	0	17	2	0.117357923794386	FALSE	2
"v70"	1	FALSE	70	0.225528255306708	0	6	1	0.225528255306708	FALSE	2
"v71"	1	FALSE	71	0.276875802570231	1	6.5	2	0.138437901285116	FALSE	2
"v72"	1	FALSE	72	0.209815054294219	1	2	1	0.209815054294219	FALSE	2
"v73"	1	FALSE	73	0.210665538255122	1	5	1	0.210665538255122	FALSE	2
"v74"	3	TRUE	74	0.231228095069676	1	1	1	0.231228095069676	NA	NA
"v75"	4	FALSE	75	0.282704769185326	1	0	1	0.282704769185326	FALSE	5
"v76"	1	FALSE	76	0.268526115099076	1	2	1	0.268526115099076	FALSE	2
"v77"	1	FALSE	77	0.220027902562951	0.5	14	2	0.110013951281475	FALSE	2
"v78"	1	FALSE	78	0.229719475629343	0	22	1	0.229719475629343	FALSE	NA
"v79"	1	FALSE	79	0.239712219548202	0	12	1	0.239712219548202	FALSE	2
"v80"	1	FALSE	80	0.219180014470854	0.5	5.5	2	0.109590007235427	FALSE	2
"v81"	1	FALSE	81	0.276875802570231	1	6.5	2	0.138437901285116	FALSE	2
"v82"	1	FALSE	82	0.209815054294219	1	2	1	0.209815054294219	FALSE	2
"v83"	1	FALSE	83	0.249615031211657	1	2	1	0.249615031211657	FALSE	2
"v84"	1	FALSE	84	0.210665538255122	1	5	1	0.210665538255122	FALSE	2
"v85"	3	TRUE	85	0.231228095069676	1	1	1	0.231228095069676	NA	NA
"v86"	4	FALSE	86	0.2840711481295	0.5	0	2	0.14203557406475	TRUE	5
"v87"	1	FALSE	87	0.268526115099076	1	2	1	0.268526115099076	FALSE	2
"v88"	1	FALSE	88	0.222435956621172	0	20	1	0.222435956621172	FALSE	2
"v89"	1	FALSE	89	0.220027902562951	0.5	14	2	0.110013951281475	FALSE	2
"v90"	1	FALSE	90	0.229719475629343	0	22	1	0.229719475629343	FALSE	NA
"v91"	1	FALSE	91	0.239712219548202	0	12	1	0.239712219548202	FALSE	2
"v92"	1	FALSE	92	0.239006695786674	0	11	1	0.239006695786674	FALSE	2
"v93"	1	FALSE	93	0.216682939257298	0.333333333333333	5	3	0.0722276464190993	FALSE	2
"v94"	1	FALSE	94	0.276875802570231	1	6.5	2	0.138437901285116	FALSE	2
"v95"	1	FALSE	95	0.209815054294219	1	2	1	0.209815054294219	FALSE	2
"v96"	1	FALSE	96	0.249615031211657	1	2	1	0.249615031211657	FALSE	2
"v97"	1	FALSE	97	0.210665538255122	1	5	1	0.210665538255122	FALSE	2
"v98"	3	TRUE	98	0.231228095069676	1	1	1	0.231228095069676	NA	NA
"v99"	4	FALSE	99	0.2840711481295	0.5	0	2	0.14203557406475	TRUE	5
"v100"	1	FALSE	100	0.268526115099076	1	2	1	0.268526115099076	FALSE	2
"v101"	1	FALSE	101	0.222435956621172	0	20	1	0.222435956621172	FALSE	2
"v102"	1	FALSE	102	0.220027902562951	0.5	14	2	0.110013951281475	FALSE	2
"v103"	1	FALSE	103	0.203350367547712	1	20	1	0.203350367547712	FALSE	2
"v104"	1	FALSE	104	0.22568399736912	1	9	1	0.22568399736912	FALSE	2
"v105"	1	FALSE	105	0.239006695786674	0	11	1	0.239006695786674	FALSE	2
"v106"	1	FALSE	106	0.220166890035681	1	12	1	0.220166890035681	FALSE	2
"v107"	1	FALSE	107	0.216682939257298	0.333333333333333	5	3	0.0722276464190993	FALSE	2
"v108"	1	FALSE	108	0.20041258123924	1	3	1	0.20041258123924	FALSE	2
"v109"	1	FALSE	109	0.209815054294219	1	2	1	0.209815054294219	FALSE	2
"v110"	1	FALSE	110	0.249615031211657	1	2	1	0.249615031211657	FALSE	2
"v111"	1	FALSE	111	0.210665538255122	1	5	1	0.210665538255122	FALSE	2
"v112"	1	FALSE	112	0.187548211345483	1	4.5	2	0.0937741056727413	FALSE	2
"v113"	4	FALSE	113	0.2840711481295	0.5	0	2	0.14203557406475	TRUE	5
"v114"	1	FALSE	114	0.222435956621172	0	20	1	0.222435956621172	FALSE	2
"v115"	1	FALSE	115	0.236741433491569	1	16	2	0.118370716745784	FALSE	2
"v116"	1	FALSE	116	0.203350367547712	1	20	1	0.203350367547712	FALSE	2
"v117"	1	FALSE	117	0.22568399736912	1	9	1	0.22568399736912	FALSE	2
"v118"	1	FALSE	118	0.216715838388092	0	16	1	0.216715838388092	FALSE	2
"v119"	1	FALSE	119	0.18770541314322	1	5	1	0.18770541314322	FALSE	2
"v120"	1	FALSE	120	0.239006695786674	0	11	1	0.239006695786674	FALSE	2
"v121"	1	FALSE	121	0.220166890035681	1	12	1	0.220166890035681	FALSE	2
"v122"	1	FALSE	122	0.21289681919597	0.782608695652174	9.08695652173913	23	0.00925638344330304	FALSE	2
"v123"	1	FALSE	123	0.201706313321679	0.708333333333333	11.5833333333333	24	0.00840442972173662	FALSE	2
"v124"	1	FALSE	124	0.269507942428897	1	1	1	0.269507942428897	FALSE	2
"v125"	1	FALSE	125	0.196738857773041	0.652173913043478	12.4347826086957	23	0.00855386338143658	FALSE	2
"v126"	1	FALSE	126	0.271401645990273	1	1	2	0.135700822995136	FALSE	NA
"v127"	1	FALSE	127	0.189694143933846	0.5	14.0833333333333	24	0.00790392266391023	FALSE	6
"v128"	1	FALSE	128	0.271401645990273	1	1	2	0.135700822995136	FALSE	NA
"v129"	1	FALSE	129	0.184879115919426	0.612903225806452	14.3225806451613	31	0.00596384244901375	FALSE	6
"v130"	1	FALSE	130	0.273295349551649	1	1	1	0.273295349551649	FALSE	NA
"v131"	1	FALSE	131	0.180578801053969	0.704545454545455	14.5909090909091	44	0.00410406366031749	FALSE	6
"v132"	1	FALSE	132	0.17012797849542	0.78125	15.34375	64	0.00265824966399094	FALSE	6
"v133"	1	FALSE	133	0.217721645854772	0.41304347826087	3.91304347826087	46	0.00473307925771243	FALSE	NA
"v134"	2	FALSE	134	0.338309941724676	0.5	0	2	0.169154970862338	TRUE	3
"v135"	1	FALSE	135	0.216795408467541	0.409090909090909	4	44	0.0049271683742623	FALSE	NA
"v136"	2	FALSE	136	0.338309941724676	0.5	0	2	0.169154970862338	TRUE	3
"v137"	1	FALSE	137	0.216878577593817	0.272727272727273	5.18181818181818	11	0.0197162343267106	FALSE	7
"v138"	2	FALSE	138	0.338309941724676	0.5	0	2	0.169154970862338	TRUE	3
"v139"	1	FALSE	139	0.248268109804941	1	1	1	0.248268109804941	FALSE	7
"v140"	1	FALSE	140	0.248268109804941	1	1	1	0.248268109804941	FALSE	7
"v141"	1	FALSE	141	0.216287015501039	0	0	1	0.216287015501039	FALSE	NA
"v142"	1	FALSE	142	0.234715847588773	0	17	2	0.117357923794386	FALSE	2
"v143"	1	FALSE	143	0.276875802570231	1	6.5	2	0.138437901285116	FALSE	2
"v144"	1	FALSE	144	0.248268109804941	1	1	1	0.248268109804941	FALSE	7
"v145"	3	TRUE	145	0.231228095069676	1	1	1	0.231228095069676	NA	NA
"v146"	4	FALSE	146	0.282704769185326	1	0	1	0.282704769185326	FALSE	5
"v147"	1	FALSE	147	0.214527549819194	1	22	1	0.214527549819194	FALSE	2
"v148"	1	FALSE	148	0.229719475629343	0	22	1	0.229719475629343	FALSE	NA
"v149"	1	FALSE	149	0.239712219548202	0	12	1	0.239712219548202	FALSE	2
"v150"	1	FALSE	150	0.219180014470854	0.5	5.5	2	0.109590007235427	FALSE	2
"v151"	1	FALSE	151	0.270798536970559	1	6	3	0.0902661789901864	FALSE	2
"v152"	1	FALSE	152	0.249615031211657	1	2	1	0.249615031211657	FALSE	2
"v153"	3	TRUE	153	0.231228095069676	1	1	1	0.231228095069676	NA	NA
"v154"	4	FALSE	154	0.2840711481295	0.5	0	2	0.14203557406475	TRUE	5
"v155"	1	FALSE	155	0.222435956621172	0	20	1	0.222435956621172	FALSE	2
"v156"	1	FALSE	156	0.214527549819194	1	22	1	0.214527549819194	FALSE	2
"v157"	1	FALSE	157	0.229719475629343	0	22	1	0.229719475629343	FALSE	NA
"v158"	1	FALSE	158	0.239712219548202	0	12	1	0.239712219548202	FALSE	2
"v159"	1	FALSE	159	0.25500303872718	1	9	1	0.25500303872718	FALSE	2
"v160"	1	FALSE	160	0.239006695786674	0	11	1	0.239006695786674	FALSE	2
"v161"	1	FALSE	161	0.216682939257298	0.333333333333333	5	3	0.0722276464190993	FALSE	2
"v162"	1	FALSE	162	0.197698704343024	0	6	1	0.197698704343024	FALSE	2
"v163"	1	FALSE	163	0.270798536970559	1	6	3	0.0902661789901864	FALSE	2
"v164"	1	FALSE	164	0.249615031211657	1	2	1	0.249615031211657	FALSE	2
"v165"	3	TRUE	165	0.231228095069676	1	1	1	0.231228095069676	NA	NA
"v166"	4	FALSE	166	0.2840711481295	0.5	0	2	0.14203557406475	TRUE	5
"v167"	1	FALSE	167	0.222435956621172	0	20	1	0.222435956621172	FALSE	2
"v168"	1	FALSE	168	0.214527549819194	1	22	1	0.214527549819194	FALSE	2
"v169"	1	FALSE	169	0.203350367547712	1	20	1	0.203350367547712	FALSE	2
"v170"	1	FALSE	170	0.22568399736912	1	9	1	0.22568399736912	FALSE	2
"v171"	1	FALSE	171	0.25500303872718	1	9	1	0.25500303872718	FALSE	2
"v172"	1	FALSE	172	0.239006695786674	0	11	1	0.239006695786674	FALSE	2
"v173"	1	FALSE	173	0.220166890035681	1	12	1	0.220166890035681	FALSE	2
"v174"	1	FALSE	174	0.222600767601984	0.631578947368421	11.4210526315789	19	0.0117158298737886	FALSE	2
"v175"	4	FALSE	175	0.2840711481295	0.5	0	2	0.14203557406475	TRUE	5
"v176"	1	FALSE	176	0.190532131536366	1	6	1	0.190532131536366	FALSE	2
"v177"	1	FALSE	177	0.212175762661598	0.333333333333333	6.33333333333333	3	0.0707252542205328	FALSE	2
"v178"	1	FALSE	178	0.197698704343024	0	6	1	0.197698704343024	FALSE	2
"v179"	1	FALSE	179	0.258644005771216	1	5	1	0.258644005771216	FALSE	2
"v180"	1	FALSE	180	0.249615031211657	1	2	1	0.249615031211657	FALSE	2
"v181"	1	FALSE	181	0.202053433648444	1	10	1	0.202053433648444	FALSE	2
"v182"	1	FALSE	182	0.189848048778624	1	33	1	0.189848048778624	FALSE	2
"v183"	1	FALSE	183	0.20455271139611	1	26	1	0.20455271139611	FALSE	NA
"v184"	1	FALSE	184	0.236741433491569	1	16	2	0.118370716745784	FALSE	2
"v185"	1	FALSE	185	0.203350367547712	1	20	1	0.203350367547712	FALSE	2
"v186"	1	FALSE	186	0.22568399736912	1	9	1	0.22568399736912	FALSE	2
"v187"	1	FALSE	187	0.181937214635497	1	10	1	0.181937214635497	FALSE	2
"v188"	1	FALSE	188	0.223015812794008	0	11	1	0.223015812794008	FALSE	NA
"v189"	1	FALSE	189	0.258071697323793	0	12	1	0.258071697323793	FALSE	2
"v190"	1	FALSE	190	0.216715838388092	0	16	1	0.216715838388092	FALSE	2
"v191"	1	FALSE	191	0.202369397724613	1	16	1	0.202369397724613	FALSE	2
"v192"	1	FALSE	192	0.208618678738446	1	5	1	0.208618678738446	FALSE	2
"v193"	1	FALSE	193	0.18770541314322	1	5	1	0.18770541314322	FALSE	2
"v194"	1	FALSE	194	0.269507942428897	1	1	1	0.269507942428897	FALSE	2
"v195"	1	FALSE	195	0.220166890035681	1	12	1	0.220166890035681	FALSE	2
"v196"	1	FALSE	196	0.189661433238522	1	9	1	0.189661433238522	FALSE	2
"v197"	1	FALSE	197	0.204807154335745	1	1	1	0.204807154335745	FALSE	2
"v198"	1	FALSE	198	0.20187996239317	0.730769230769231	12.1923076923077	26	0.00776461393819884	FALSE	2
"v199"	1	FALSE	199	0.269507942428897	1	1	1	0.269507942428897	FALSE	2
"v200"	1	FALSE	200	0.204230425033339	0.807692307692308	11.0769230769231	26	0.00785501634743612	FALSE	NA
"v201"	1	FALSE	201	0.191746044402449	0.652173913043478	11.8695652173913	23	0.0083367845392369	FALSE	6
"v202"	1	FALSE	202	0.271401645990273	1	1	2	0.135700822995136	FALSE	NA
"v203"	1	FALSE	203	0.186205542432041	0.72972972972973	12.9189189189189	37	0.00503258222789301	FALSE	6
"v204"	1	FALSE	204	0.173640559202109	0.755102040816326	15.4081632653061	49	0.00354368488167569	FALSE	6
"v205"	1	FALSE	205	0.164526357462042	0.753623188405797	16.231884057971	69	0.002384439963218	TRUE	6
"v206"	1	FALSE	206	0.220031486266231	0.431372549019608	4.29411764705882	51	0.00431434286796532	FALSE	7
"v207"	2	FALSE	207	0.32993257623438	1	0	1	0.32993257623438	FALSE	3
"v208"	1	FALSE	208	0.219959477213054	0.423076923076923	4.21153846153846	52	0.00422998994640489	FALSE	7
"v209"	2	FALSE	209	0.32993257623438	1	0	1	0.32993257623438	FALSE	3
"v210"	1	FALSE	210	0.218784663420064	0.35	5.1	20	0.0109392331710032	FALSE	7
"v211"	1	FALSE	211	0.248268109804941	1	1	1	0.248268109804941	FALSE	7
"v212"	2	FALSE	212	0.32993257623438	1	0	1	0.32993257623438	FALSE	3
"v213"	1	FALSE	213	0.243164399409162	1	1	2	0.121582199704581	FALSE	7
"v214"	1	FALSE	214	0.220592414067011	0	3	1	0.220592414067011	FALSE	7
"v215"	1	FALSE	215	0.216287015501039	0	0	1	0.216287015501039	FALSE	NA
"v216"	1	FALSE	216	0.229719475629343	0	22	1	0.229719475629343	FALSE	NA
"v217"	1	FALSE	217	0.212166801751849	0	5	1	0.212166801751849	FALSE	7
"v218"	1	FALSE	218	0.243164399409162	1	1	2	0.121582199704581	FALSE	7
"v219"	1	FALSE	219	0.220592414067011	0	3	1	0.220592414067011	FALSE	7
"v220"	3	TRUE	220	0.231228095069676	1	1	1	0.231228095069676	NA	NA
"v221"	4	FALSE	221	0.282704769185326	1	0	1	0.282704769185326	FALSE	5
"v222"	1	FALSE	222	0.229719475629343	0	22	1	0.229719475629343	FALSE	NA
"v223"	1	FALSE	223	0.243039550446968	1	16	1	0.243039550446968	FALSE	NA
"v224"	1	FALSE	224	0.21441299596718	1	20	1	0.21441299596718	FALSE	NA
"v225"	1	FALSE	225	0.238060689013384	1	1	1	0.238060689013384	FALSE	7
"v226"	1	FALSE	226	0.258644005771216	1	5	1	0.258644005771216	FALSE	2
"v227"	1	FALSE	227	0.220592414067011	0	3	1	0.220592414067011	FALSE	7
"v228"	1	FALSE	228	0.249615031211657	1	2	1	0.249615031211657	FALSE	2
"v229"	3	TRUE	229	0.231228095069676	1	1	1	0.231228095069676	NA	NA
"v230"	4	FALSE	230	0.2840711481295	0.5	0	2	0.14203557406475	TRUE	5
"v231"	1	FALSE	231	0.229719475629343	0	22	1	0.229719475629343	FALSE	NA
"v232"	1	FALSE	232	0.243039550446968	1	16	1	0.243039550446968	FALSE	NA
"v233"	1	FALSE	233	0.21441299596718	1	20	1	0.21441299596718	FALSE	NA
"v234"	1	FALSE	234	0.25500303872718	1	9	1	0.25500303872718	FALSE	2
"v235"	1	FALSE	235	0.239006695786674	0	11	1	0.239006695786674	FALSE	2
"v236"	1	FALSE	236	0.197698704343024	0	6	1	0.197698704343024	FALSE	2
"v237"	1	FALSE	237	0.238060689013384	1	1	1	0.238060689013384	FALSE	7
"v238"	1	FALSE	238	0.258644005771216	1	5	1	0.258644005771216	FALSE	2
"v239"	1	FALSE	239	0.220592414067011	0	3	1	0.220592414067011	FALSE	7
"v240"	1	FALSE	240	0.249615031211657	1	2	1	0.249615031211657	FALSE	2
"v241"	3	TRUE	241	0.231228095069676	1	1	1	0.231228095069676	NA	NA
"v242"	4	FALSE	242	0.2840711481295	0.5	0	2	0.14203557406475	TRUE	5
"v243"	1	FALSE	243	0.243039550446968	1	16	1	0.243039550446968	FALSE	NA
"v244"	1	FALSE	244	0.21441299596718	1	20	1	0.21441299596718	FALSE	NA
"v245"	1	FALSE	245	0.25500303872718	1	9	1	0.25500303872718	FALSE	2
"v246"	1	FALSE	246	0.239006695786674	0	11	1	0.239006695786674	FALSE	2
"v247"	1	FALSE	247	0.220166890035681	1	12	1	0.220166890035681	FALSE	2
"v248"	1	FALSE	248	0.197698704343024	0	6	1	0.197698704343024	FALSE	2
"v249"	1	FALSE	249	0.258644005771216	1	5	1	0.258644005771216	FALSE	2
"v250"	1	FALSE	250	0.249615031211657	1	2	1	0.249615031211657	FALSE	2
"v251"	1	FALSE	251	0.194961867694985	1	4	1	0.194961867694985	FALSE	NA
"v252"	4	FALSE	252	0.2840711481295	0.5	0	2	0.14203557406475	TRUE	5
"v253"	1	FALSE	253	0.189848048778624	1	33	1	0.189848048778624	FALSE	2
"v254"	1	FALSE	254	0.266335624657333	0	26	1	0.266335624657333	FALSE	9
"v255"	1	FALSE	255	0.181937214635497	1	10	1	0.181937214635497	FALSE	2
"v256"	1	FALSE	256	0.258071697323793	0	12	1	0.258071697323793	FALSE	2
"v257"	1	FALSE	257	0.216715838388092	0	16	1	0.216715838388092	FALSE	2
"v258"	1	FALSE	258	0.189657192849842	1	11	1	0.189657192849842	FALSE	9
"v259"	1	FALSE	259	0.18770541314322	1	5	1	0.18770541314322	FALSE	2
"v260"	1	FALSE	260	0.25500303872718	1	9	1	0.25500303872718	FALSE	2
"v261"	1	FALSE	261	0.239006695786674	0	11	1	0.239006695786674	FALSE	2
"v262"	1	FALSE	262	0.220166890035681	1	12	1	0.220166890035681	FALSE	2
"v263"	1	FALSE	263	0.208575747783263	0.80952380952381	11.1428571428571	21	0.00993217846586966	FALSE	NA
"v264"	1	FALSE	264	0.269507942428897	1	1	1	0.269507942428897	FALSE	2
"v265"	1	FALSE	265	0.193554256178494	0.769230769230769	11.6153846153846	26	0.0074443944684036	FALSE	NA
"v266"	1	FALSE	266	0.269507942428897	1	1	1	0.269507942428897	FALSE	2
"v267"	1	FALSE	267	0.193660251592701	0.838709677419355	11.6774193548387	31	0.00624710489008712	FALSE	NA
"v268"	1	FALSE	268	0.269507942428897	1	1	1	0.269507942428897	FALSE	2
"v269"	1	FALSE	269	0.18896356203982	0.84375	10.53125	32	0.00590511131374438	FALSE	6
"v270"	1	FALSE	270	0.269507942428897	1	1	1	0.269507942428897	FALSE	2
"v271"	1	FALSE	271	0.185040153333624	0.795454545454545	12.3409090909091	44	0.00420545803030963	FALSE	6
"v272"	1	FALSE	272	0.173572386973862	0.781818181818182	14.9090909090909	55	0.00315586158134295	FALSE	6
"v273"	1	FALSE	273	0.162011404214582	0.725806451612903	17.1935483870968	62	0.00261308716475133	FALSE	6
"v274"	1	FALSE	274	0.220950331535697	0.354166666666667	5.04166666666667	48	0.00460313190699368	FALSE	7
"v275"	1	FALSE	275	0.220681173455049	0.326923076923077	5.13461538461539	52	0.0042438687202894	FALSE	7
"v276"	1	FALSE	276	0.221990832758402	0.310344827586207	6.55172413793104	29	0.00765485630201387	FALSE	7
"v277"	1	FALSE	277	0.248268109804941	1	1	1	0.248268109804941	FALSE	7
"v278"	1	FALSE	278	0.244325746801183	1	2	1	0.244325746801183	FALSE	7
"v279"	1	FALSE	279	0.243164399409162	1	1	2	0.121582199704581	FALSE	7
"v280"	1	FALSE	280	0.220592414067011	0	3	1	0.220592414067011	FALSE	7
"v281"	1	FALSE	281	0.216287015501039	0	0	1	0.216287015501039	FALSE	NA
"v282"	1	FALSE	282	0.246011064347066	0	24	1	0.246011064347066	FALSE	7
"v283"	1	FALSE	283	0.229719475629343	0	22	1	0.229719475629343	FALSE	NA
"v284"	1	FALSE	284	0.211727525217324	0	5	2	0.105863762608662	FALSE	7
"v285"	1	FALSE	285	0.221114920882631	0	10	2	0.110557460441315	FALSE	7
"v286"	1	FALSE	286	0.224539332501263	0	12	1	0.224539332501263	FALSE	7
"v287"	1	FALSE	287	0.233538882517994	0.555555555555556	12.5555555555556	9	0.0259487647242216	FALSE	7
"v288"	4	FALSE	288	0.282704769185326	1	0	1	0.282704769185326	FALSE	5
"v289"	1	FALSE	289	0.231980336746809	0.571428571428571	12.8571428571429	7	0.033140048106687	FALSE	7
"v290"	1	FALSE	290	0.258644005771216	1	5	1	0.258644005771216	FALSE	2
"v291"	4	FALSE	291	0.282704769185326	1	0	1	0.282704769185326	FALSE	5
"v292"	1	FALSE	292	0.242361257178262	0.5	15.5	2	0.121180628589131	FALSE	2
"v293"	1	FALSE	293	0.2196713564883	0.666666666666667	12.1111111111111	9	0.0244079284987	FALSE	NA
"v294"	1	FALSE	294	0.258644005771216	1	5	1	0.258644005771216	FALSE	2
"v295"	4	FALSE	295	0.282704769185326	1	0	1	0.282704769185326	FALSE	5
"v296"	1	FALSE	296	0.25500303872718	1	9	1	0.25500303872718	FALSE	2
"v297"	1	FALSE	297	0.218018954374455	0.642857142857143	13.7857142857143	14	0.0155727824553182	FALSE	NA
"v298"	4	FALSE	298	0.282704769185326	1	0	1	0.282704769185326	FALSE	5
"v299"	1	FALSE	299	0.206035502353287	0.739130434782609	12.9565217391304	23	0.00895806531970814	FALSE	NA
"v300"	1	FALSE	300	0.195016658767051	0.741935483870968	11.5161290322581	31	0.00629085996022744	FALSE	NA
"v301"	1	FALSE	301	0.193818187175507	0.75	12.35	40	0.00484545467938767	FALSE	NA
"v302"	1	FALSE	302	0.185018016053871	0.825	11.4	40	0.00462545040134678	FALSE	NA
"v303"	1	FALSE	303	0.181563153173381	0.829787234042553	13.0212765957447	47	0.00386304581219959	FALSE	6
"v304"	1	FALSE	304	0.169149030593347	0.842105263157895	14.6491228070175	57	0.00296752685251485	FALSE	6
"v305"	1	FALSE	305	0.159410013401359	0.735849056603774	16.5660377358491	53	0.00300773610191243	FALSE	6
"v306"	1	FALSE	306	0.227833595702815	0.325581395348837	5	43	0.00529845571401896	FALSE	7
"v307"	1	FALSE	307	0.228234438270406	0.259259259259259	5.48148148148148	54	0.00422656367167419	TRUE	7
"v308"	1	FALSE	308	0.229808095884774	0.238095238095238	6.71428571428571	42	0.00547162133058986	FALSE	7
"v309"	1	FALSE	309	0.232361816229616	0.173913043478261	8.47826086956522	23	0.0101026876621572	FALSE	7
"v310"	1	FALSE	310	0.231980336746809	0.571428571428571	12.8571428571429	7	0.033140048106687	FALSE	7
"v311"	1	FALSE	311	0.26728301979803	1	4	1	0.26728301979803	FALSE	7
"v312"	1	FALSE	312	0.229609241304485	0	14.5	2	0.114804620652242	FALSE	7
"v313"	1	FALSE	313	0.231980336746809	0.571428571428571	12.8571428571429	7	0.033140048106687	FALSE	7
"v314"	1	FALSE	314	0.26728301979803	1	4	1	0.26728301979803	FALSE	7
"v315"	1	FALSE	315	0.24121824882753	1	2	1	0.24121824882753	FALSE	NA
"v316"	1	FALSE	316	0.236320223173426	1	1	1	0.236320223173426	FALSE	NA
"v317"	1	FALSE	317	0.222821001163263	0.785714285714286	9.35714285714286	14	0.0159157857973759	FALSE	NA
"v318"	1	FALSE	318	0.301701050054305	1	22	1	0.301701050054305	FALSE	NA
"v319"	1	FALSE	319	0.214987068601189	0.722222222222222	13.1111111111111	18	0.0119437260333994	FALSE	NA
"v320"	1	FALSE	320	0.204804066416783	0.777777777777778	12.8888888888889	27	0.0075853357932142	FALSE	NA
"v321"	1	FALSE	321	0.193249085273984	0.787878787878788	12.3636363636364	33	0.00585603288709042	FALSE	NA
"v322"	1	FALSE	322	0.18838935163431	0.736842105263158	13.6052631578947	38	0.00495761451669236	FALSE	9
"v323"	1	FALSE	323	0.180315488550781	0.833333333333333	13.5	42	0.00429322591787574	FALSE	9
"v324"	1	FALSE	324	0.175077538021044	0.816326530612245	15.7959183673469	49	0.0035730109800213	FALSE	NA
"v325"	1	FALSE	325	0.164653365042739	0.87719298245614	15.7719298245614	57	0.00288865552706559	FALSE	NA
"v326"	1	FALSE	326	0.158597613552569	0.8125	16.6041666666667	48	0.00330411694901186	FALSE	NA
"v327"	1	FALSE	327	0.228492141477939	0.257142857142857	5.31428571428571	35	0.00652834689936968	FALSE	7
"v328"	1	FALSE	328	0.22902325197229	0.215686274509804	5.80392156862745	51	0.00449065199945667	FALSE	7
"v329"	1	FALSE	329	0.229719758739393	0.239130434782609	6.69565217391304	46	0.00499390779868246	FALSE	7
"v330"	1	FALSE	330	0.230133545030153	0.185185185185185	8.22222222222222	27	0.0085234646307464	FALSE	7
"v331"	1	FALSE	331	0.26728301979803	1	4	1	0.26728301979803	FALSE	7
"v332"	1	FALSE	332	0.26728301979803	1	4	1	0.26728301979803	FALSE	7
"v333"	1	FALSE	333	0.22889876102091	0.333333333333333	12.6666666666667	3	0.0762995870069701	FALSE	7
"v334"	1	FALSE	334	0.230542425925075	0.5	17.5	4	0.0576356064812686	FALSE	7
"v335"	1	FALSE	335	0.26728301979803	1	4	1	0.26728301979803	FALSE	7
"v336"	1	FALSE	336	0.24121824882753	1	2	1	0.24121824882753	FALSE	NA
"v337"	1	FALSE	337	0.221971044702626	1	2	1	0.221971044702626	FALSE	7
"v338"	1	FALSE	338	0.242892831515246	0	24	2	0.121446415757623	FALSE	7
"v339"	1	FALSE	339	0.21441299596718	1	20	1	0.21441299596718	FALSE	NA
"v340"	1	FALSE	340	0.236320223173426	1	1	1	0.236320223173426	FALSE	NA
"v341"	1	FALSE	341	0.219488645780578	0.846153846153846	9.69230769230769	13	0.0168837419831214	FALSE	NA
"v342"	1	FALSE	342	0.301701050054305	1	22	1	0.301701050054305	FALSE	NA
"v343"	1	FALSE	343	0.215972734479935	0.8	13.55	20	0.0107986367239967	FALSE	9
"v344"	1	FALSE	344	0.204279977152643	0.8	14.3666666666667	30	0.00680933257175478	FALSE	9
"v345"	1	FALSE	345	0.191338766598735	0.823529411764706	14.8823529411765	34	0.00562761078231572	FALSE	9
"v346"	1	FALSE	346	0.183383046474261	0.75	16.125	48	0.00382048013488043	FALSE	9
"v347"	1	FALSE	347	0.17480285066173	0.78	16.6	50	0.00349605701323461	FALSE	9
"v348"	1	FALSE	348	0.168957491252025	0.767857142857143	18.2678571428571	56	0.00301709805807187	FALSE	9
"v349"	1	FALSE	349	0.160223867737556	0.775862068965517	17.2586206896552	58	0.00276248047823373	FALSE	9
"v350"	1	FALSE	350	0.155813049502161	0.772727272727273	16.4545454545455	44	0.00354120567050366	FALSE	9
"v351"	1	FALSE	351	0.230855145120542	0.185185185185185	5.59259259259259	27	0.00855019056002007	FALSE	7
"v352"	1	FALSE	352	0.232034089086644	0.229166666666667	6.125	48	0.00483404352263842	FALSE	7
"v353"	1	FALSE	353	0.236198493237539	0.25	6.3125	48	0.00492080194244873	FALSE	7
"v354"	1	FALSE	354	0.236077296889566	0.277777777777778	7.05555555555556	36	0.00655770269137683	FALSE	7
"v355"	1	FALSE	355	0.400504062455037	1	2	1	0.400504062455037	FALSE	7
"v356"	1	FALSE	356	0.237334070922702	0.285714285714286	10	14	0.0169524336373358	FALSE	7
"v357"	1	FALSE	357	0.400504062455037	1	2	1	0.400504062455037	FALSE	7
"v358"	1	FALSE	358	0.216818100600528	1	4	2	0.108409050300264	FALSE	7
"v359"	1	FALSE	359	0.26728301979803	1	4	1	0.26728301979803	FALSE	7
"v360"	1	FALSE	360	0.24121824882753	1	2	1	0.24121824882753	FALSE	NA
"v361"	1	FALSE	361	0.242616025466551	1	0	1	0.242616025466551	FALSE	NA
"v362"	1	FALSE	362	0.226243372542136	1	18	1	0.226243372542136	FALSE	NA
"v363"	1	FALSE	363	0.245808699461165	0	11	1	0.245808699461165	FALSE	NA
"v364"	1	FALSE	364	0.287741494025902	0	12	1	0.287741494025902	FALSE	NA
"v365"	1	FALSE	365	0.239774598683426	0	24	1	0.239774598683426	FALSE	7
"v366"	1	FALSE	366	0.236320223173426	1	1	1	0.236320223173426	FALSE	NA
"v367"	1	FALSE	367	0.223037413390182	0.857142857142857	8.5	14	0.0159312438135844	FALSE	NA
"v368"	1	FALSE	368	0.301701050054305	1	22	1	0.301701050054305	FALSE	NA
"v369"	1	FALSE	369	0.287741494025902	0	12	1	0.287741494025902	FALSE	NA
"v370"	1	FALSE	370	0.217962204682839	0.857142857142857	12.3333333333333	21	0.0103791526039447	FALSE	NA
"v371"	1	FALSE	371	0.206025365870553	0.821428571428571	12.6071428571429	28	0.00735804878109117	FALSE	NA
"v372"	1	FALSE	372	0.193591745463369	0.875	13.875	32	0.00604974204573027	FALSE	9
"v373"	1	FALSE	373	0.180615990548723	0.829268292682927	15.219512195122	41	0.00440526806216397	FALSE	9
"v374"	1	FALSE	374	0.243772390674064	0	15	1	0.243772390674064	FALSE	9
"v375"	1	FALSE	375	0.173358947223249	0.767857142857143	16.8214285714286	56	0.00309569548612945	FALSE	9
"v376"	1	FALSE	376	0.16495368182804	0.738461538461539	18.8923076923077	65	0.00253774895120062	FALSE	9
"v377"	1	FALSE	377	0.159123743226403	0.698412698412698	18.3968253968254	63	0.00252577370200639	FALSE	9
"v378"	1	FALSE	378	0.15472825179256	0.731707317073171	17.5853658536585	41	0.00377385979981854	FALSE	9
"v379"	1	FALSE	379	0.224640552888286	0.333333333333333	5.83333333333333	18	0.0124800307160159	FALSE	7
"v380"	1	FALSE	380	0.230574469045778	0.358974358974359	5.51282051282051	39	0.00591216587296866	FALSE	7
"v381"	1	FALSE	381	0.233964389620213	0.333333333333333	5.48888888888889	45	0.00519920865822695	FALSE	7
"v382"	1	FALSE	382	0.400504062455037	1	2	1	0.400504062455037	FALSE	7
"v383"	1	FALSE	383	0.239527286866655	0.315789473684211	6.21052631578947	38	0.00630334965438565	FALSE	7
"v384"	1	FALSE	384	0.400504062455037	1	2	1	0.400504062455037	FALSE	7
"v385"	1	FALSE	385	0.24763066526696	0.3	7.75	20	0.012381533263348	FALSE	7
"v386"	1	FALSE	386	0.400504062455037	1	2	1	0.400504062455037	FALSE	7
"v387"	1	FALSE	387	0.260107616364019	0.533333333333333	8.8	15	0.0173405077576012	FALSE	NA
"v388"	1	FALSE	388	0.349593200062297	1	12	1	0.349593200062297	FALSE	10
"v389"	1	FALSE	389	0.23186661676405	0.714285714285714	8	14	0.0165619011974322	FALSE	NA
"v390"	1	FALSE	390	0.349593200062297	1	12	1	0.349593200062297	FALSE	10
"v391"	1	FALSE	391	0.213850786490057	0.842105263157895	11.5789473684211	19	0.0112553045521083	FALSE	NA
"v392"	5	TRUE	392	0.452514379200463	0	1	1	0.452514379200463	NA	NA
"v393"	1	FALSE	393	0.201502214277105	0.806451612903226	12.4193548387097	31	0.00650007142829371	FALSE	NA
"v394"	5	TRUE	394	0.452514379200463	0	1	1	0.452514379200463	NA	NA
"v395"	1	FALSE	395	0.194875622419751	0.81578947368421	14.2368421052632	38	0.00512830585315134	FALSE	9
"v396"	5	TRUE	396	0.452514379200463	0	1	1	0.452514379200463	NA	NA
"v397"	1	FALSE	397	0.184176719757094	0.807692307692308	15.3461538461538	52	0.00354185999532873	FALSE	9
"v398"	1	FALSE	398	0.173015028015777	0.769230769230769	16.7076923076923	65	0.00266176966178119	FALSE	9
"v399"	1	FALSE	399	0.166858366444154	0.739130434782609	18.4782608695652	69	0.00241823719484281	TRUE	9
"v400"	1	FALSE	400	0.159115112571686	0.706896551724138	18.0862068965517	58	0.00274336400985666	FALSE	9
"v401"	1	FALSE	401	0.157076556489648	0.736842105263158	17.0526315789474	38	0.00413359359183284	FALSE	9
"v402"	1	FALSE	402	0.222484168643337	1	13	1	0.222484168643337	FALSE	7
"v403"	1	FALSE	403	0.217185270555994	1	14	1	0.217185270555994	FALSE	NA
"v404"	1	FALSE	404	0.207777309143886	0	2	1	0.207777309143886	FALSE	10
"v405"	1	FALSE	405	0.212700094556645	1	4	1	0.212700094556645	FALSE	NA
"v406"	1	FALSE	406	0.265807722452344	0	6	1	0.265807722452344	FALSE	NA
"v407"	1	FALSE	407	0.235863059438542	1	1	1	0.235863059438542	FALSE	10
"v408"	1	FALSE	408	0.202497881522952	1	4	1	0.202497881522952	FALSE	NA
"v409"	1	FALSE	409	0.233995820302624	0	8	1	0.233995820302624	FALSE	7
"v410"	1	FALSE	410	0.204909115018213	0	3	1	0.204909115018213	FALSE	7
"v411"	1	FALSE	411	0.256028215766451	0	2	1	0.256028215766451	FALSE	10
"v412"	1	FALSE	412	0.211509648598748	0	3.5	2	0.105754824299374	FALSE	7
"v413"	1	FALSE	413	0.231119767992243	0.4375	5.8125	32	0.00722249274975758	FALSE	NA
"v414"	1	FALSE	414	0.233070106775701	0.380952380952381	5.73809523809524	42	0.00554928825656431	FALSE	NA
"v415"	1	FALSE	415	0.400504062455037	1	2	1	0.400504062455037	FALSE	7
"v416"	1	FALSE	416	0.239904701391568	0.365853658536585	6.41463414634146	41	0.00585133418028215	FALSE	NA
"v417"	1	FALSE	417	0.318904019084385	1	0	1	0.318904019084385	FALSE	10
"v418"	1	FALSE	418	0.400504062455037	1	2	1	0.400504062455037	FALSE	7
"v419"	1	FALSE	419	0.249571897486694	0.379310344827586	7.41379310344828	29	0.00860592749954118	FALSE	NA
"v420"	1	FALSE	420	0.400504062455037	1	2	1	0.400504062455037	FALSE	7
"v421"	1	FALSE	421	0.349593200062297	1	12	1	0.349593200062297	FALSE	10
"v422"	1	FALSE	422	0.248636474239039	0.576923076923077	10.1923076923077	26	0.00956294131688612	FALSE	NA
"v423"	1	FALSE	423	0.240046724725961	0.727272727272727	11.1818181818182	22	0.010911214760271	FALSE	NA
"v424"	1	FALSE	424	0.221808513618218	0.814814814814815	13.1851851851852	27	0.00821513013400807	FALSE	NA
"v425"	5	TRUE	425	0.452514379200463	0	1	1	0.452514379200463	NA	NA
"v426"	1	FALSE	426	0.20159587784095	0.771428571428571	12.3428571428571	35	0.00575988222402713	FALSE	NA
"v427"	5	TRUE	427	0.452514379200463	0	1	1	0.452514379200463	NA	NA
"v428"	1	FALSE	428	0.195242106762644	0.739130434782609	13.9782608695652	46	0.00424439362527486	FALSE	9
"v429"	5	TRUE	429	0.452514379200463	0	1	1	0.452514379200463	NA	NA
"v430"	1	FALSE	430	0.18540044138539	0.706896551724138	15.5172413793103	58	0.00319655933423086	FALSE	9
"v431"	1	FALSE	431	0.174374109512328	0.72463768115942	16.9275362318841	69	0.00252716100742505	FALSE	9
"v432"	1	FALSE	432	0.167908783383016	0.709677419354839	18.4677419354839	62	0.00270820618359703	FALSE	9
"v433"	1	FALSE	433	0.16163366331816	0.714285714285714	18.2380952380952	42	0.0038484205551943	FALSE	9
"v434"	1	FALSE	434	0.161975401224119	0.76	16.76	25	0.00647901604896478	FALSE	9
"v435"	1	FALSE	435	0.210487569450456	0.714285714285714	5	7	0.0300696527786366	FALSE	NA
"v436"	1	FALSE	436	0.237877279056359	0.333333333333333	2.5	6	0.0396462131760598	FALSE	NA
"v437"	1	FALSE	437	0.241437721005603	0	5	1	0.241437721005603	FALSE	10
"v438"	1	FALSE	438	0.265807722452344	0	6	1	0.265807722452344	FALSE	NA
"v439"	1	FALSE	439	0.235863059438542	1	1	1	0.235863059438542	FALSE	10
"v440"	1	FALSE	440	0.225322314748459	0.4	4.94285714285714	35	0.00643778042138454	FALSE	NA
"v441"	1	FALSE	441	0.226593899239953	0.36	5.3	50	0.00453187798479907	FALSE	10
"v442"	1	FALSE	442	0.231397631062076	0.326086956521739	6.28260869565217	46	0.00503038328395818	FALSE	10
"v443"	1	FALSE	443	0.318904019084385	1	0	1	0.318904019084385	FALSE	10
"v444"	1	FALSE	444	0.244974021073332	0.384615384615385	7.28205128205128	39	0.00628138515572645	FALSE	10
"v445"	1	FALSE	445	0.403665554455148	1	3.5	2	0.201832777227574	FALSE	10
"v446"	1	FALSE	446	0.349593200062297	1	12	1	0.349593200062297	FALSE	10
"v447"	1	FALSE	447	0.252739505664411	0.466666666666667	9.86666666666667	30	0.0084246501888137	FALSE	10
"v448"	1	FALSE	448	0.403665554455148	1	3.5	2	0.201832777227574	FALSE	10
"v449"	1	FALSE	449	0.349593200062297	1	12	1	0.349593200062297	FALSE	10
"v450"	1	FALSE	450	0.238457596513807	0.607142857142857	9.71428571428571	28	0.00851634273263596	FALSE	10
"v451"	1	FALSE	451	0.403665554455148	1	3.5	2	0.201832777227574	FALSE	10
"v452"	1	FALSE	452	0.227167391913941	0.705882352941177	11.2647058823529	34	0.0066813938798218	FALSE	10
"v453"	1	FALSE	453	0.403665554455148	1	3.5	2	0.201832777227574	FALSE	10
"v454"	5	TRUE	454	0.452514379200463	0	1	1	0.452514379200463	NA	NA
"v455"	1	FALSE	455	0.206319577306478	0.794871794871795	10.8717948717949	39	0.00529024557196097	FALSE	NA
"v456"	5	TRUE	456	0.452514379200463	0	1	1	0.452514379200463	NA	NA
"v457"	1	FALSE	457	0.198326081809485	0.709090909090909	14.1272727272727	55	0.00360592876017245	FALSE	9
"v458"	5	TRUE	458	0.452514379200463	0	1	1	0.452514379200463	NA	NA
"v459"	1	FALSE	459	0.187768883562105	0.672413793103448	16.0344827586207	58	0.00323739454417423	FALSE	9
"v460"	1	FALSE	460	0.176992966240404	0.716666666666667	17.3333333333333	60	0.0029498827706734	FALSE	9
"v461"	1	FALSE	461	0.170371229906238	0.727272727272727	17.4772727272727	44	0.00387207340695995	FALSE	9
"v462"	1	FALSE	462	0.160079860466892	0.857142857142857	18.0952380952381	21	0.00762285049842344	FALSE	9
"v463"	1	FALSE	463	0.240921050693007	1	1	1	0.240921050693007	FALSE	9
"v464"	1	FALSE	464	0.151921452052358	0.8	18.3	10	0.0151921452052358	FALSE	9
"v465"	1	FALSE	465	0.240921050693007	1	1	1	0.240921050693007	FALSE	9
"v466"	1	FALSE	466	0.179044868568829	1	8	1	0.179044868568829	FALSE	9
"v467"	1	FALSE	467	0.202649587854197	1	18	1	0.202649587854197	FALSE	9
"v468"	1	FALSE	468	0.207808438714841	1	11	1	0.207808438714841	FALSE	9
"v469"	1	FALSE	469	0.228034747086444	0.384615384615385	3.07692307692308	13	0.0175411343912649	FALSE	10
"v470"	1	FALSE	470	0.217636795367216	0.314285714285714	4.62857142857143	35	0.00621819415334903	FALSE	10
"v471"	1	FALSE	471	0.216086370890636	0.314814814814815	5.31481481481482	54	0.00400159946093771	FALSE	10
"v472"	1	FALSE	472	0.225050906228032	0.344262295081967	5.86885245901639	61	0.00368935911849232	FALSE	10
"v473"	1	FALSE	473	0.231149081662399	0.444444444444444	6.92592592592593	54	0.00428053854930368	FALSE	10
"v474"	1	FALSE	474	0.403665554455148	1	3.5	2	0.201832777227574	FALSE	10
"v475"	1	FALSE	475	0.251070967275545	0.565217391304348	8.82608695652174	46	0.00545806450599011	FALSE	10
"v476"	1	FALSE	476	0.248515556253382	0.666666666666667	9.72916666666667	48	0.00517740742194547	FALSE	10
"v477"	1	FALSE	477	0.232564792888033	0.680851063829787	11.468085106383	47	0.0049481870827241	FALSE	10
"v478"	1	FALSE	478	0.403665554455148	1	3.5	2	0.201832777227574	FALSE	10
"v479"	1	FALSE	479	0.21978921073631	0.714285714285714	10.8775510204082	49	0.00448549409665939	FALSE	NA
"v480"	1	FALSE	480	0.202108884430505	0.660377358490566	14	53	0.00381337517793405	FALSE	9
"v481"	1	FALSE	481	0.19208639385411	0.591836734693878	15.6938775510204	49	0.00392013048681858	FALSE	9
"v482"	1	FALSE	482	0.180282988473708	0.682926829268293	17.8536585365854	41	0.00439714606033435	FALSE	9
"v483"	1	FALSE	483	0.174759525106542	0.695652173913044	18.0869565217391	23	0.00759824022202357	FALSE	9
"v484"	1	FALSE	484	0.240921050693007	1	1	1	0.240921050693007	FALSE	9
"v485"	1	FALSE	485	0.155376481733106	1	21.1666666666667	6	0.025896080288851	FALSE	9
"v486"	1	FALSE	486	0.202649587854197	1	18	1	0.202649587854197	FALSE	9
"v487"	1	FALSE	487	0.240921050693007	1	1	1	0.240921050693007	FALSE	9
"v488"	1	FALSE	488	0.155175913821769	1	18.5	2	0.0775879569108847	FALSE	9
"v489"	1	FALSE	489	0.202649587854197	1	18	1	0.202649587854197	FALSE	9
"v490"	1	FALSE	490	0.208937577974167	0.75	3.75	4	0.0522343944935417	FALSE	10
"v491"	1	FALSE	491	0.244779846930028	0	1	2	0.122389923465014	FALSE	10
"v492"	1	FALSE	492	0.241437721005603	0	5	1	0.241437721005603	FALSE	10
"v493"	1	FALSE	493	0.232678467004188	0.333333333333333	4.33333333333333	3	0.077559489001396	FALSE	10
"v494"	1	FALSE	494	0.210808313280246	0.275862068965517	4.3448275862069	29	0.00726925218207747	FALSE	10
"v495"	1	FALSE	495	0.209736852258786	0.350877192982456	5	57	0.00367959389927694	FALSE	10
"v496"	1	FALSE	496	0.212166407116494	0.358208955223881	6.01492537313433	67	0.00316666279278349	FALSE	10
"v497"	1	FALSE	497	0.318904019084385	1	0	1	0.318904019084385	FALSE	10
"v498"	1	FALSE	498	0.293520348951093	1	0	1	0.293520348951093	FALSE	10
"v499"	1	FALSE	499	0.328797961451386	0	1.5	2	0.164398980725693	FALSE	10
"v500"	1	FALSE	500	0.235929629132917	0.453333333333333	6.05333333333333	75	0.00314572838843889	FALSE	10
"v501"	1	FALSE	501	0.255717860210738	0.5	7.11290322580645	62	0.00412448161630223	FALSE	10
"v502"	1	FALSE	502	0.256729259588639	0.6	8.64615384615385	65	0.00394968091674829	FALSE	10
"v503"	1	FALSE	503	0.238031618219361	0.627118644067797	10.728813559322	59	0.00403443420710781	FALSE	10
"v504"	1	FALSE	504	0.403665554455148	1	3.5	2	0.201832777227574	FALSE	10
"v505"	1	FALSE	505	0.432925121221143	0.5	2.5	2	0.216462560610571	FALSE	10
"v506"	1	FALSE	506	0.400571950622098	0	1	1	0.400571950622098	FALSE	10
"v507"	1	FALSE	507	0.230544660260145	0.653061224489796	11.265306122449	49	0.00470499306653357	FALSE	NA
"v508"	1	FALSE	508	0.212977282171883	0.666666666666667	13.5238095238095	42	0.00507088767075912	FALSE	NA
"v509"	1	FALSE	509	0.20295497036648	0.555555555555556	15.5185185185185	27	0.00751685075431406	FALSE	NA
"v510"	1	FALSE	510	0.187674185822784	0.647058823529412	18.3529411764706	17	0.0110396579895755	FALSE	9
"v511"	1	FALSE	511	0.183626478842795	0.625	17	8	0.0229533098553494	FALSE	9
"v512"	1	FALSE	512	0.240921050693007	1	1	1	0.240921050693007	FALSE	9
"v513"	1	FALSE	513	0.151590383005384	1	26	1	0.151590383005384	FALSE	9
"v514"	1	FALSE	514	0.240921050693007	1	1	1	0.240921050693007	FALSE	9
"v515"	1	FALSE	515	0.218857517823869	0	6	1	0.218857517823869	FALSE	10
"v516"	1	FALSE	516	0.201086215892406	0.214285714285714	4.35714285714286	14	0.0143633011351718	FALSE	10
"v517"	1	FALSE	517	0.203872959838699	0.311111111111111	5.42222222222222	45	0.00453051021863776	FALSE	10
"v518"	1	FALSE	518	0.212825688791072	0.38961038961039	5.87012987012987	77	0.00276396998429964	FALSE	10
"v519"	1	FALSE	519	0.328797961451386	0	1.5	2	0.164398980725693	FALSE	10
"v520"	1	FALSE	520	0.227299358935093	0.425742574257426	6.06930693069307	101	0.00225048870232765	TRUE	10
"v521"	1	FALSE	521	0.239991083265041	0.474226804123711	6.5360824742268	97	0.00247413487902104	FALSE	10
"v522"	1	FALSE	522	0.249385562552337	0.551724137931035	8.49425287356322	87	0.00286650071899238	FALSE	10
"v523"	1	FALSE	523	0.251667976615283	0.621212121212121	10	66	0.00381315116083762	FALSE	10
"v524"	1	FALSE	524	0.237775982493929	0.608695652173913	11.7826086956522	46	0.00516904309769411	FALSE	NA
"v525"	1	FALSE	525	0.223980174609648	0.481481481481482	13.6296296296296	27	0.00829556202257954	FALSE	NA
"v526"	1	FALSE	526	0.218041420169216	0.333333333333333	14.3333333333333	15	0.0145360946779477	FALSE	NA
"v527"	1	FALSE	527	0.199753147370522	0	9	1	0.199753147370522	FALSE	9
"v528"	1	FALSE	528	0.205933477299766	0.25	20	4	0.0514833693249414	FALSE	9
"v529"	1	FALSE	529	0.199753147370522	0	9	1	0.199753147370522	FALSE	9
"v530"	1	FALSE	530	0.192701307826572	0.5	15	2	0.0963506539132858	FALSE	9
