"from"	"to"
1	1
1	2
1	3
1	14
1	15
1	16
1	18
1	19
1	20
1	21
1	22
1	23
1	24
1	27
1	28
1	29
1	48
1	50
1	51
1	54
1	80
1	82
1	84
2	2
2	3
2	4
2	14
2	15
2	16
2	18
2	19
2	22
2	23
2	24
2	26
2	27
2	28
2	29
2	31
2	48
2	50
2	51
2	53
2	54
2	56
2	57
2	80
2	82
2	84
3	3
3	4
3	5
3	6
3	7
3	16
3	18
3	19
3	24
3	26
3	27
3	28
3	29
3	31
3	32
3	33
3	34
3	48
3	50
3	51
3	53
3	54
3	56
3	57
3	58
3	59
3	60
3	80
3	82
3	84
4	4
4	26
4	29
4	31
4	53
4	56
4	57
5	5
5	6
5	7
5	29
5	32
5	33
5	34
5	56
5	58
5	59
5	60
6	6
6	7
6	29
6	32
6	33
6	34
6	56
6	58
6	59
6	60
7	7
7	29
7	32
7	33
7	34
7	56
7	58
7	59
7	60
8	8
8	9
8	10
8	35
8	36
8	38
8	61
8	63
8	64
9	9
9	10
9	35
9	36
9	38
9	61
9	63
9	64
10	10
10	35
10	36
10	38
10	61
10	63
10	64
11	11
11	12
11	13
11	42
11	43
11	44
11	71
11	73
11	75
11	102
11	105
11	107
12	12
12	13
12	42
12	43
12	44
12	71
12	73
12	75
12	102
12	105
12	107
13	13
13	42
13	43
13	44
13	71
13	73
13	75
13	102
13	105
13	107
14	14
14	22
15	15
15	23
16	16
16	24
16	29
16	48
16	51
16	54
16	80
16	82
16	84
17	17
17	25
17	30
17	49
17	52
17	55
17	81
17	83
17	85
17	112
17	113
17	114
18	18
18	27
18	29
18	50
18	51
18	54
19	19
19	28
19	29
20	20
21	21
21	50
22	22
23	23
24	24
24	29
24	48
24	51
24	54
24	80
24	82
24	84
25	25
25	30
25	49
25	52
25	55
25	81
25	83
25	85
25	112
25	113
25	114
26	26
26	29
26	31
26	53
26	56
26	57
27	27
27	29
27	50
27	51
27	54
28	28
28	29
29	29
29	31
29	32
29	33
29	34
29	48
29	50
29	51
29	53
29	54
29	56
29	57
29	58
29	59
29	60
29	80
29	82
29	84
30	30
30	49
30	52
30	55
30	81
30	83
30	85
30	112
30	113
30	114
31	31
31	53
31	56
31	57
32	32
32	33
32	34
32	56
32	58
32	59
32	60
33	33
33	34
33	56
33	58
33	59
33	60
34	34
34	56
34	58
34	59
34	60
35	35
35	36
35	38
35	61
35	63
35	64
36	36
36	38
36	61
36	63
36	64
37	37
37	39
37	40
37	41
37	64
37	66
37	68
37	70
37	88
37	92
37	97
37	100
38	38
38	61
38	63
38	64
39	39
39	40
39	41
39	64
39	66
39	68
39	70
39	88
39	92
39	97
39	100
40	40
40	41
40	64
40	66
40	68
40	70
40	88
40	92
40	97
40	100
41	41
41	64
41	66
41	68
41	70
41	88
41	92
41	97
41	100
42	42
42	43
42	44
42	71
42	73
42	75
42	102
42	105
42	107
43	43
43	44
43	71
43	73
43	75
43	102
43	105
43	107
44	44
44	71
44	73
44	75
44	102
44	105
44	107
45	45
45	46
45	76
45	78
45	108
45	110
46	46
46	76
46	78
46	108
46	110
46	139
47	47
47	79
47	111
48	48
48	51
48	54
48	80
48	82
48	84
49	49
49	52
49	55
49	81
49	83
49	85
49	112
49	113
49	114
50	50
50	51
50	54
51	51
51	54
51	80
51	82
51	84
52	52
52	55
52	81
52	83
52	85
52	112
52	113
52	114
53	53
53	56
53	57
54	54
54	80
54	82
54	84
55	55
55	81
55	83
55	85
55	112
55	113
55	114
56	56
56	57
56	58
56	59
56	60
57	57
58	58
58	59
58	60
59	59
59	60
60	60
61	61
61	63
61	64
62	62
62	65
62	67
62	86
62	89
62	93
62	115
62	117
62	120
63	63
63	64
64	64
64	66
64	68
64	70
64	88
64	92
64	97
64	100
65	65
65	67
65	86
65	89
65	93
65	115
65	117
65	120
66	66
66	68
66	69
66	70
66	72
66	88
66	92
66	95
66	97
66	99
66	100
66	101
66	104
66	122
66	125
66	127
66	129
66	151
66	154
66	156
66	158
67	67
67	86
67	89
67	93
67	115
67	117
67	120
68	68
68	70
68	88
68	92
68	97
68	100
69	69
69	70
69	72
69	95
69	99
69	101
69	104
69	122
69	125
69	127
69	129
69	151
69	154
69	156
69	158
70	70
70	72
70	88
70	92
70	95
70	97
70	99
70	100
70	101
70	104
70	122
70	125
70	127
70	129
70	151
70	154
70	156
70	158
71	71
71	73
71	75
71	102
71	105
71	107
72	72
72	74
72	76
72	78
72	95
72	99
72	101
72	103
72	104
72	106
72	108
72	110
72	122
72	125
72	127
72	129
72	132
72	135
72	139
72	151
72	154
72	156
72	158
72	162
72	169
72	174
73	73
73	75
73	102
73	105
73	107
74	74
74	76
74	78
74	103
74	106
74	108
74	110
74	129
74	132
74	135
74	139
74	158
74	162
74	169
74	174
75	75
75	102
75	105
75	107
76	76
76	78
76	103
76	106
76	108
76	110
76	129
76	132
76	135
76	139
76	158
76	162
76	169
76	174
77	77
77	78
77	109
77	110
77	136
77	139
78	78
78	103
78	106
78	108
78	109
78	110
78	129
78	132
78	135
78	136
78	139
78	158
78	162
78	169
78	174
79	79
79	111
79	140
80	80
80	82
80	84
81	81
81	83
81	85
81	112
81	113
81	114
82	82
82	84
83	83
83	85
83	112
83	113
83	114
84	84
85	85
85	112
85	113
85	114
86	86
86	89
86	93
86	115
86	117
86	120
87	87
87	91
87	96
87	116
87	119
87	123
87	147
87	149
87	152
88	88
88	92
88	97
88	100
89	89
89	93
89	115
89	117
89	120
90	90
90	94
90	98
90	118
90	121
90	124
90	148
90	150
90	153
90	186
90	187
90	189
91	91
91	96
91	97
91	116
91	119
91	123
91	126
91	147
91	149
91	152
91	155
91	186
91	188
91	190
92	92
92	97
92	100
93	93
93	115
93	117
93	120
94	94
94	98
94	118
94	121
94	124
94	148
94	150
94	153
94	186
94	187
94	189
95	95
95	99
95	101
95	104
95	122
95	125
95	127
95	129
95	151
95	154
95	156
95	158
96	96
96	97
96	116
96	119
96	123
96	126
96	147
96	149
96	152
96	155
96	186
96	188
96	190
97	97
97	100
97	119
97	123
97	126
97	149
97	152
97	155
97	186
97	188
97	190
98	98
98	118
98	121
98	124
98	148
98	150
98	153
98	186
98	187
98	189
99	99
99	101
99	104
99	122
99	125
99	127
99	129
99	151
99	154
99	156
99	158
100	100
101	101
101	104
101	122
101	125
101	127
101	129
101	151
101	154
101	156
101	158
102	102
102	105
102	107
103	103
103	106
103	108
103	110
103	129
103	132
103	135
103	139
103	158
103	162
103	169
103	174
104	104
104	122
104	125
104	127
104	129
104	151
104	154
104	156
104	158
105	105
105	107
106	106
106	108
106	110
106	129
106	131
106	132
106	134
106	135
106	139
106	158
106	161
106	162
106	167
106	169
106	174
107	107
108	108
108	110
108	129
108	131
108	132
108	134
108	135
108	139
108	158
108	161
108	162
108	167
108	169
108	174
109	109
109	110
109	136
109	139
110	110
110	129
110	131
110	132
110	134
110	135
110	136
110	139
110	158
110	161
110	162
110	167
110	169
110	174
111	111
111	140
112	112
112	113
112	114
113	113
113	114
114	114
115	115
115	117
115	120
116	116
116	119
116	123
116	147
116	149
116	152
117	117
117	120
118	118
118	121
118	124
118	148
118	150
118	153
118	186
118	187
118	189
119	119
119	123
119	126
119	147
119	149
119	152
119	155
119	186
119	188
119	190
120	120
121	121
121	124
121	148
121	150
121	153
121	186
121	187
121	189
122	122
122	125
122	127
122	129
122	151
122	154
122	156
122	158
123	123
123	126
123	147
123	149
123	152
123	155
123	186
123	188
123	190
124	124
124	148
124	150
124	153
124	186
124	187
124	189
125	125
125	127
125	129
125	151
125	154
125	156
125	158
126	126
126	149
126	152
126	155
126	186
126	188
126	190
127	127
127	129
127	132
127	138
127	151
127	154
127	156
127	158
127	166
127	173
127	192
127	195
127	201
127	209
127	234
127	236
127	239
127	241
128	128
128	130
128	131
128	137
128	157
128	160
128	165
128	172
128	191
128	194
128	200
128	208
129	129
129	132
129	135
129	138
129	139
129	151
129	154
129	156
129	158
129	162
129	166
129	169
129	173
129	174
129	192
129	195
129	201
129	209
129	234
129	236
129	239
129	241
130	130
130	131
130	137
130	157
130	160
130	165
130	172
130	191
130	194
130	200
130	208
131	131
131	134
131	137
131	139
131	157
131	160
131	161
131	165
131	167
131	172
131	174
131	191
131	194
131	200
131	208
132	132
132	135
132	138
132	139
132	156
132	158
132	162
132	166
132	169
132	173
132	174
132	192
132	195
132	201
132	209
132	234
132	236
132	239
132	241
133	133
133	136
133	139
133	164
133	171
133	174
133	199
133	207
133	214
134	134
134	139
134	161
134	167
134	174
135	135
135	139
135	158
135	162
135	169
135	174
136	136
136	139
136	164
136	171
136	174
136	199
136	207
136	214
137	137
137	157
137	160
137	165
137	172
137	191
137	194
137	200
137	208
138	138
138	156
138	158
138	166
138	173
138	192
138	195
138	201
138	209
138	234
138	236
138	239
138	241
139	139
139	158
139	161
139	162
139	164
139	167
139	169
139	171
139	174
139	199
139	207
139	211
139	214
139	215
139	242
140	140
141	141
141	142
141	143
141	176
141	178
141	180
141	219
141	220
141	221
142	142
142	143
142	176
142	178
142	180
142	219
142	220
142	221
143	143
143	176
143	178
143	180
143	219
143	220
143	221
144	144
144	145
144	146
144	181
144	182
144	184
144	223
144	225
144	228
145	145
145	146
145	181
145	182
145	184
145	223
145	225
145	228
146	146
146	181
146	182
146	184
146	223
146	225
146	228
147	147
147	149
147	152
148	148
148	150
148	153
148	186
148	187
148	189
149	149
149	152
149	155
149	186
149	188
149	190
150	150
150	153
150	186
150	187
150	189
151	151
151	154
151	156
151	158
152	152
152	155
152	186
152	188
152	190
153	153
153	186
153	187
153	189
154	154
154	156
154	158
155	155
155	186
155	188
155	190
156	156
156	158
156	166
156	173
156	192
156	195
156	201
156	209
156	234
156	236
156	239
156	241
157	157
157	160
157	165
157	172
157	191
157	194
157	200
157	208
158	158
158	162
158	166
158	169
158	173
158	174
158	192
158	195
158	201
158	209
158	234
158	236
158	239
158	241
159	159
159	163
159	170
159	174
159	193
159	198
159	206
159	213
159	235
159	237
159	240
159	242
159	270
159	271
159	275
159	276
160	160
160	165
160	172
160	191
160	194
160	200
160	208
161	161
161	167
161	174
162	162
162	169
162	174
163	163
163	170
163	174
163	193
163	198
163	206
163	213
163	235
163	237
163	240
163	242
163	270
163	271
163	275
163	276
164	164
164	171
164	174
164	199
164	207
164	214
165	165
165	172
165	174
165	191
165	194
165	200
165	208
165	216
165	237
165	240
165	242
166	166
166	173
166	192
166	195
166	201
166	209
166	234
166	236
166	239
166	241
167	167
167	174
168	168
168	174
168	205
168	212
168	240
168	242
169	169
169	174
170	170
170	174
170	193
170	198
170	206
170	213
170	235
170	237
170	240
170	242
170	270
170	271
170	275
170	276
171	171
171	174
171	199
171	207
171	214
172	172
172	174
172	191
172	194
172	200
172	208
172	216
172	237
172	240
172	242
173	173
173	192
173	195
173	201
173	209
173	234
173	236
173	239
173	241
174	174
174	193
174	198
174	199
174	200
174	205
174	206
174	207
174	208
174	211
174	212
174	213
174	214
174	215
174	216
174	235
174	237
174	240
174	242
174	270
174	271
174	275
174	276
175	175
175	177
175	179
175	218
175	219
175	220
175	245
175	247
175	249
175	280
175	282
175	284
176	176
176	178
176	180
176	219
176	220
176	221
177	177
177	179
177	218
177	219
177	220
177	245
177	247
177	249
177	280
177	282
177	284
178	178
178	180
178	219
178	220
178	221
179	179
179	218
179	219
179	220
179	245
179	247
179	249
179	280
179	282
179	284
180	180
180	219
180	220
180	221
181	181
181	182
181	184
181	223
181	225
181	228
182	182
182	184
182	223
182	225
182	228
183	183
183	185
183	186
183	226
183	229
183	231
183	253
183	256
183	259
184	184
184	223
184	225
184	228
185	185
185	186
185	226
185	229
185	231
185	253
185	256
185	259
186	186
186	187
186	188
186	189
186	190
186	226
186	229
186	231
186	253
186	256
186	259
187	187
187	189
188	188
188	190
189	189
190	190
191	191
191	194
191	200
191	208
192	192
192	195
192	201
192	209
192	234
192	236
192	239
192	241
193	193
193	197
193	198
193	204
193	206
193	213
193	235
193	237
193	238
193	240
193	242
193	268
193	270
193	271
193	273
193	275
193	276
194	194
194	200
194	208
195	195
195	201
195	209
195	234
195	236
195	239
195	241
196	196
196	202
196	210
196	237
196	240
196	242
196	271
196	275
196	276
197	197
197	204
197	235
197	238
197	240
197	268
197	273
197	275
198	198
198	206
198	213
198	235
198	237
198	240
198	242
198	270
198	271
198	275
198	276
199	199
199	207
199	214
200	200
200	208
200	216
200	237
200	240
200	242
201	201
201	209
201	234
201	236
201	239
201	241
202	202
202	210
202	237
202	240
202	242
202	271
202	275
202	276
203	203
203	211
203	240
203	242
203	275
203	276
204	204
204	235
204	238
204	240
204	268
204	273
204	275
205	205
205	212
205	240
205	242
206	206
206	213
206	235
206	237
206	240
206	242
206	270
206	271
206	275
206	276
207	207
207	214
208	208
208	216
208	237
208	240
208	242
209	209
209	234
209	236
209	239
209	241
210	210
210	237
210	240
210	242
210	271
210	275
210	276
211	211
211	240
211	242
211	275
211	276
212	212
212	240
212	242
213	213
213	235
213	237
213	240
213	242
213	270
213	271
213	275
213	276
214	214
215	215
215	242
216	216
216	237
216	240
216	242
217	217
217	219
217	220
217	222
217	244
217	246
217	248
217	250
217	279
217	281
217	283
217	285
218	218
218	219
218	220
218	245
218	247
218	249
218	280
218	282
218	284
219	219
219	220
219	221
219	222
219	244
219	245
219	246
219	247
219	248
219	249
219	250
219	279
219	280
219	281
219	282
219	283
219	284
219	285
220	220
220	221
220	222
220	244
220	245
220	246
220	247
220	248
220	249
220	250
220	279
220	280
220	281
220	282
220	283
220	284
220	285
221	221
222	222
222	244
222	246
222	248
222	250
222	279
222	281
222	283
222	285
223	223
223	225
223	228
224	224
224	225
224	228
224	231
224	251
224	252
224	255
224	258
224	286
224	287
224	290
224	294
224	316
224	318
224	321
224	326
225	225
225	228
225	231
225	251
225	252
225	255
225	258
225	286
225	287
225	290
225	294
225	316
225	318
225	321
225	326
226	226
226	229
226	231
226	253
226	256
226	259
227	227
227	230
227	232
227	233
227	254
227	257
227	260
227	261
227	289
227	293
227	298
227	299
228	228
228	231
228	251
228	252
228	255
228	258
228	286
228	287
228	290
228	294
228	316
228	318
228	321
228	326
229	229
229	231
229	253
229	256
229	259
230	230
230	232
230	233
230	254
230	257
230	260
230	261
230	289
230	293
230	298
230	299
231	231
231	251
231	252
231	253
231	255
231	256
231	258
231	259
231	286
231	287
231	290
231	294
231	316
231	318
231	321
231	326
232	232
232	233
232	254
232	257
232	260
232	261
232	289
232	293
232	298
232	299
233	233
233	254
233	257
233	260
233	261
233	289
233	293
233	298
233	299
234	234
234	236
234	239
234	241
235	235
235	237
235	238
235	240
235	242
235	268
235	270
235	271
235	273
235	275
235	276
236	236
236	239
236	241
237	237
237	240
237	242
237	270
237	271
237	275
237	276
237	311
237	312
237	314
238	238
238	240
238	268
238	273
238	275
239	239
239	241
240	240
240	242
240	268
240	270
240	271
240	273
240	275
240	276
240	278
240	311
240	312
240	314
241	241
242	242
242	270
242	271
242	275
242	276
242	278
242	311
242	312
242	314
243	243
243	277
243	313
243	353
244	244
244	246
244	248
244	250
244	279
244	281
244	283
244	285
245	245
245	247
245	249
245	280
245	282
245	284
246	246
246	248
246	250
246	279
246	281
246	283
246	285
247	247
247	249
247	280
247	282
247	284
248	248
248	250
248	279
248	281
248	283
248	285
249	249
249	280
249	282
249	284
250	250
250	279
250	281
250	283
250	285
251	251
251	252
251	255
251	258
251	286
251	287
251	290
251	294
251	316
251	318
251	321
251	326
252	252
252	255
252	258
252	286
252	287
252	290
252	294
252	316
252	318
252	321
252	326
252	357
252	359
252	361
253	253
253	256
253	259
254	254
254	257
254	260
254	261
254	289
254	293
254	298
254	299
255	255
255	258
255	286
255	287
255	290
255	294
255	316
255	318
255	321
255	326
255	357
255	359
255	361
256	256
256	259
257	257
257	260
257	261
257	289
257	293
257	298
257	299
258	258
258	286
258	287
258	290
258	294
258	316
258	318
258	321
258	326
258	357
258	359
258	361
259	259
260	260
260	261
260	289
260	293
260	298
260	299
261	261
261	289
261	293
261	298
261	299
262	262
262	263
262	265
262	299
262	303
262	306
262	332
262	334
262	339
262	362
262	363
262	370
263	263
263	265
263	299
263	303
263	306
263	332
263	334
263	339
263	362
263	363
263	370
264	264
264	266
264	267
264	272
264	303
264	306
264	307
264	308
264	334
264	340
264	346
264	348
265	265
265	299
265	303
265	306
265	332
265	334
265	339
265	362
265	363
265	370
266	266
266	267
266	272
266	303
266	306
266	307
266	308
266	334
266	340
266	346
266	348
267	267
267	272
267	275
267	303
267	306
267	307
267	308
267	312
267	334
267	340
267	342
267	346
267	348
267	351
268	268
268	273
268	275
269	269
269	274
269	275
269	307
269	310
269	312
269	344
269	350
269	352
270	270
270	271
270	275
270	276
271	271
271	275
271	276
271	311
271	312
271	314
272	272
272	275
272	303
272	306
272	307
272	308
272	312
272	334
272	340
272	342
272	346
272	348
272	351
273	273
273	275
274	274
274	275
274	307
274	310
274	312
274	344
274	350
274	352
275	275
275	276
275	278
275	307
275	308
275	310
275	311
275	312
275	314
275	342
275	344
275	348
275	350
275	351
275	352
276	276
276	311
276	312
276	314
277	277
277	313
277	353
278	278
278	312
278	314
279	279
279	281
279	283
279	285
280	280
280	282
280	284
281	281
281	283
281	285
282	282
282	284
283	283
283	285
284	284
285	285
286	286
286	287
286	290
286	294
286	316
286	318
286	321
286	326
287	287
287	290
287	294
287	316
287	318
287	321
287	326
287	357
287	359
287	361
288	288
288	291
288	295
288	319
288	323
288	328
288	357
288	359
288	361
289	289
289	293
289	298
289	299
290	290
290	294
290	316
290	318
290	321
290	326
290	357
290	359
290	361
291	291
291	295
291	319
291	323
291	328
291	357
291	359
291	361
292	292
292	296
292	299
292	324
292	329
292	332
292	359
292	361
292	362
292	386
292	388
292	390
293	293
293	298
293	299
294	294
294	316
294	318
294	321
294	326
294	357
294	359
294	361
295	295
295	319
295	323
295	328
295	357
295	359
295	361
296	296
296	299
296	324
296	329
296	332
296	359
296	361
296	362
296	386
296	388
296	390
297	297
297	299
297	301
297	330
297	332
297	334
297	361
297	362
297	363
298	298
298	299
299	299
299	301
299	303
299	306
299	324
299	329
299	330
299	332
299	334
299	339
299	359
299	361
299	362
299	363
299	370
299	386
299	388
299	390
300	300
300	302
300	305
300	307
300	333
300	334
300	338
300	345
300	362
300	363
300	368
300	373
301	301
301	330
301	332
301	334
301	361
301	362
301	363
302	302
302	305
302	307
302	333
302	334
302	338
302	345
302	362
302	363
302	368
302	373
303	303
303	306
303	307
303	308
303	332
303	334
303	339
303	340
303	346
303	348
303	362
303	363
303	370
304	304
304	307
304	309
304	336
304	343
304	349
304	366
304	372
304	375
304	396
304	402
304	406
305	305
305	307
305	333
305	334
305	338
305	345
305	362
305	363
305	368
305	373
306	306
306	307
306	308
306	332
306	334
306	339
306	340
306	346
306	348
306	362
306	363
306	370
307	307
307	308
307	309
307	310
307	312
307	333
307	334
307	336
307	338
307	340
307	342
307	343
307	344
307	345
307	346
307	348
307	349
307	350
307	351
307	352
307	362
307	363
307	366
307	368
307	372
307	373
307	375
307	396
307	402
307	406
308	308
308	312
308	334
308	340
308	342
308	346
308	348
308	351
309	309
309	336
309	343
309	349
309	366
309	372
309	375
309	396
309	402
309	406
310	310
310	312
310	344
310	350
310	352
311	311
311	312
311	314
312	312
312	314
312	342
312	344
312	348
312	350
312	351
312	352
313	313
313	353
314	314
315	315
315	317
315	320
315	325
315	354
315	356
315	357
315	359
315	381
315	382
315	385
315	386
315	419
315	420
315	426
315	428
316	316
316	318
316	321
316	326
317	317
317	320
317	325
317	354
317	356
317	357
317	359
317	381
317	382
317	385
317	386
317	419
317	420
317	426
317	428
318	318
318	321
318	326
318	357
318	359
318	361
319	319
319	323
319	328
319	357
319	359
319	361
320	320
320	325
320	354
320	356
320	357
320	359
320	381
320	382
320	385
320	386
320	419
320	420
320	426
320	428
321	321
321	326
321	357
321	359
321	361
322	322
322	327
322	332
322	359
322	361
322	362
322	386
322	388
322	390
323	323
323	328
323	357
323	359
323	361
324	324
324	329
324	332
324	359
324	361
324	362
324	386
324	388
324	390
325	325
325	354
325	356
325	357
325	359
325	381
325	382
325	385
325	386
325	419
325	420
325	426
325	428
326	326
326	357
326	359
326	361
327	327
327	332
327	359
327	361
327	362
327	386
327	388
327	390
328	328
328	357
328	359
328	361
329	329
329	332
329	359
329	361
329	362
329	386
329	388
329	390
330	330
330	332
330	334
330	361
330	362
330	363
331	331
331	332
331	334
331	337
331	361
331	362
331	363
331	367
331	388
331	390
331	393
331	398
332	332
332	334
332	337
332	339
332	359
332	361
332	362
332	363
332	367
332	370
332	386
332	388
332	390
332	393
332	398
333	333
333	334
333	338
333	345
333	362
333	363
333	368
333	373
334	334
334	336
334	337
334	338
334	339
334	340
334	343
334	345
334	346
334	348
334	361
334	362
334	363
334	366
334	367
334	368
334	370
334	372
334	373
334	388
334	390
334	393
334	396
334	398
334	402
334	434
334	435
334	436
335	335
335	341
335	347
335	364
335	371
335	374
335	394
335	401
335	405
336	336
336	343
336	349
336	363
336	366
336	372
336	375
336	393
336	396
336	402
336	406
336	434
336	435
336	436
337	337
337	361
337	362
337	363
337	367
337	388
337	390
337	393
337	398
338	338
338	345
338	362
338	363
338	368
338	373
339	339
339	362
339	363
339	370
340	340
340	346
340	348
341	341
341	347
341	364
341	371
341	374
341	394
341	401
341	405
342	342
342	348
342	351
343	343
343	349
343	363
343	366
343	372
343	375
343	393
343	396
343	402
343	406
343	434
343	435
343	436
344	344
344	350
344	352
345	345
345	362
345	363
345	368
345	373
346	346
346	348
347	347
347	364
347	371
347	374
347	394
347	401
347	405
348	348
348	351
349	349
349	366
349	372
349	375
349	396
349	402
349	406
350	350
350	352
351	351
352	352
353	353
354	354
354	356
354	357
354	359
354	381
354	382
354	385
354	386
354	419
354	420
354	426
354	428
355	355
355	358
355	360
355	383
355	384
355	387
355	420
355	422
355	427
356	356
356	357
356	359
356	381
356	382
356	385
356	386
356	419
356	420
356	423
356	426
356	428
357	357
357	359
357	361
357	381
357	382
357	385
357	386
357	419
357	420
357	423
357	426
357	428
358	358
358	360
358	383
358	384
358	387
358	420
358	422
358	427
359	359
359	361
359	362
359	381
359	382
359	385
359	386
359	388
359	390
359	419
359	420
359	423
359	426
359	428
360	360
360	383
360	384
360	387
360	420
360	422
360	427
361	361
361	362
361	363
361	367
361	386
361	388
361	390
361	393
361	398
361	431
361	432
361	434
361	457
361	458
361	463
362	362
362	363
362	365
362	367
362	368
362	369
362	370
362	373
362	386
362	388
362	390
362	392
362	393
362	395
362	398
362	400
362	431
362	432
362	434
362	435
362	457
362	458
362	459
362	462
362	463
362	465
363	363
363	365
363	366
363	367
363	368
363	369
363	370
363	372
363	373
363	388
363	390
363	392
363	393
363	395
363	396
363	398
363	400
363	402
363	431
363	432
363	434
363	435
363	436
363	457
363	458
363	459
363	462
363	463
363	465
364	364
364	371
364	374
364	394
364	401
364	405
365	365
365	390
365	393
365	395
365	432
365	434
365	435
366	366
366	372
366	375
366	393
366	396
366	402
366	406
366	434
366	435
366	436
367	367
367	388
367	390
367	393
367	398
368	368
368	373
369	369
369	392
369	393
369	400
369	432
369	434
369	435
369	459
369	462
369	465
370	370
371	371
371	374
371	394
371	401
371	405
372	372
372	375
372	393
372	396
372	402
372	406
372	434
372	435
372	436
373	373
374	374
374	394
374	401
374	405
375	375
375	396
375	402
375	406
376	376
376	378
376	380
376	381
376	407
376	409
376	412
376	416
376	439
376	442
376	444
376	445
377	377
377	379
377	381
377	382
377	409
377	411
377	415
377	420
377	441
377	444
377	445
377	448
378	378
378	380
378	381
378	407
378	409
378	412
378	416
378	439
378	442
378	444
378	445
379	379
379	381
379	382
379	409
379	411
379	415
379	420
379	441
379	444
379	445
379	448
380	380
380	381
380	407
380	409
380	412
380	416
380	439
380	442
380	444
380	445
381	381
381	382
381	385
381	386
381	407
381	409
381	411
381	412
381	415
381	416
381	419
381	420
381	426
381	428
381	439
381	441
381	442
381	444
381	445
381	448
382	382
382	385
382	386
382	409
382	411
382	415
382	419
382	420
382	423
382	426
382	428
382	441
382	444
382	445
382	448
383	383
383	384
383	387
383	420
383	422
383	427
384	384
384	387
384	420
384	422
384	427
385	385
385	386
385	419
385	420
385	423
385	426
385	428
386	386
386	388
386	389
386	390
386	391
386	393
386	419
386	420
386	423
386	426
386	428
386	429
386	430
386	433
386	434
386	455
386	457
386	458
386	461
387	387
387	420
387	422
387	427
388	388
388	390
388	393
388	398
388	431
388	432
388	434
388	457
388	458
388	463
389	389
389	391
389	393
389	429
389	430
389	433
389	434
389	455
389	457
389	458
389	461
390	390
390	393
390	395
390	398
390	431
390	432
390	434
390	435
390	457
390	458
390	463
391	391
391	393
391	429
391	430
391	433
391	434
391	455
391	457
391	458
391	461
392	392
392	393
392	400
392	432
392	434
392	435
392	459
392	462
392	465
393	393
393	395
393	396
393	397
393	398
393	399
393	400
393	402
393	403
393	404
393	406
393	429
393	430
393	431
393	432
393	433
393	434
393	435
393	436
393	437
393	438
393	455
393	457
393	458
393	459
393	460
393	461
393	462
393	463
393	464
393	465
393	466
393	467
393	468
394	394
394	401
394	405
395	395
395	432
395	434
395	435
396	396
396	402
396	406
396	434
396	435
396	436
397	397
397	403
397	406
397	434
397	435
397	437
397	438
397	460
397	464
397	466
397	468
398	398
399	399
399	404
399	434
399	435
399	437
399	460
399	464
399	467
400	400
400	432
400	434
400	435
400	459
400	462
400	465
401	401
401	405
402	402
402	406
402	434
402	435
402	436
403	403
403	406
403	434
403	435
403	437
403	438
403	460
403	464
403	466
403	468
404	404
404	434
404	435
404	437
404	460
404	464
404	467
405	405
406	406
406	434
406	435
406	437
406	438
406	460
406	464
406	466
406	468
407	407
407	409
407	412
407	416
407	439
407	442
407	444
407	445
408	408
408	410
408	414
408	420
408	440
408	443
408	445
408	446
409	409
409	411
409	412
409	415
409	416
409	420
409	439
409	441
409	442
409	444
409	445
409	448
410	410
410	413
410	414
410	420
410	421
410	440
410	443
410	445
410	446
410	449
411	411
411	415
411	420
411	441
411	444
411	445
411	448
412	412
412	416
412	439
412	442
412	444
412	445
413	413
413	420
413	421
413	443
413	445
413	446
413	449
414	414
414	420
414	440
414	443
414	445
414	446
415	415
415	420
415	441
415	444
415	445
415	448
416	416
416	439
416	442
416	444
416	445
417	417
417	420
417	424
417	445
417	446
417	452
418	418
418	420
418	425
418	445
418	446
418	453
419	419
419	420
419	426
419	428
420	420
420	421
420	422
420	423
420	424
420	425
420	426
420	427
420	428
420	440
420	441
420	443
420	444
420	445
420	446
420	448
420	449
420	452
420	453
421	421
421	443
421	445
421	446
421	449
422	422
422	427
423	423
423	428
424	424
424	445
424	446
424	452
425	425
425	445
425	446
425	453
426	426
426	428
427	427
428	428
429	429
429	430
429	433
429	434
429	455
429	457
429	458
429	461
430	430
430	433
430	434
430	455
430	457
430	458
430	461
431	431
431	432
431	434
431	457
431	458
431	463
432	432
432	434
432	435
432	457
432	458
432	459
432	462
432	463
432	465
433	433
433	434
433	455
433	457
433	458
433	461
434	434
434	435
434	436
434	437
434	438
434	455
434	457
434	458
434	459
434	460
434	461
434	462
434	463
434	464
434	465
434	466
434	467
434	468
435	435
435	436
435	437
435	438
435	459
435	460
435	462
435	464
435	465
435	466
435	467
435	468
436	436
437	437
437	438
437	460
437	464
437	466
437	467
437	468
438	438
438	460
438	464
438	466
438	468
439	439
439	442
439	444
439	445
440	440
440	443
440	445
440	446
441	441
441	444
441	445
441	448
442	442
442	444
442	445
443	443
443	445
443	446
443	449
444	444
444	445
444	448
445	445
445	446
445	448
445	449
445	451
445	452
445	453
445	454
446	446
446	449
446	451
446	452
446	453
446	454
447	447
447	450
447	454
447	456
448	448
449	449
450	450
450	454
450	456
451	451
451	454
452	452
453	453
454	454
454	456
455	455
455	457
455	458
455	461
456	456
457	457
457	458
457	461
457	463
458	458
458	461
458	463
459	459
459	462
459	465
460	460
460	464
460	466
460	467
460	468
461	461
462	462
462	465
463	463
464	464
464	466
464	467
464	468
465	465
466	466
466	468
467	467
468	468
