"name"	"membership"	"in.singleton"	"vertex"	"mean.knn"	"f.state"	"mean.t"	"size"	"scaled.knn"	"is.extremum"	"basin"
"v1"	1	FALSE	1	0.0723459464145447	0.785714285714286	2.28571428571429	14	0.00516756760103891	TRUE	1
"v2"	1	FALSE	2	0.0725150953322003	0.777777777777778	2.22222222222222	9	0.00805723281468892	FALSE	1
"v3"	1	FALSE	3	0.0857800644047258	0.6	2	5	0.0171560128809452	FALSE	1
"v4"	1	FALSE	4	0.0947092118055651	1	2	1	0.0947092118055651	FALSE	1
"v5"	1	FALSE	5	0.105159769311445	1	3	1	0.105159769311445	FALSE	1
"v6"	1	FALSE	6	0.105159769311445	1	3	1	0.105159769311445	FALSE	1
"v7"	1	FALSE	7	0.105159769311445	1	3	1	0.105159769311445	FALSE	1
"v8"	2	FALSE	8	0.115815539432538	1	3	1	0.115815539432538	FALSE	6
"v9"	2	FALSE	9	0.115815539432538	1	3	1	0.115815539432538	FALSE	6
"v10"	2	FALSE	10	0.115815539432538	1	3	1	0.115815539432538	FALSE	6
"v11"	3	TRUE	11	0.187515268508316	0	2	1	0.187515268508316	NA	NA
"v12"	3	TRUE	12	0.187515268508316	0	2	1	0.187515268508316	NA	NA
"v13"	3	TRUE	13	0.187515268508316	0	2	1	0.187515268508316	NA	NA
"v14"	1	FALSE	14	0.0607366610186529	1	3	1	0.0607366610186529	FALSE	1
"v15"	1	FALSE	15	0.0657897496347933	1	2	1	0.0657897496347933	FALSE	1
"v16"	1	FALSE	16	0.0892955286200125	1	2	1	0.0892955286200125	FALSE	1
"v17"	4	TRUE	17	0.103765959100833	1	2	1	0.103765959100833	NA	NA
"v18"	1	FALSE	18	0.0665997660987621	0	1	1	0.0665997660987621	FALSE	1
"v19"	1	FALSE	19	0.074512355263658	0.5	2	2	0.037256177631829	FALSE	1
"v20"	1	FALSE	20	0.0848391832836172	1	2	1	0.0848391832836172	FALSE	1
"v21"	1	FALSE	21	0.0777354917188726	1	3	1	0.0777354917188726	FALSE	1
"v22"	1	FALSE	22	0.0607366610186529	1	3	1	0.0607366610186529	FALSE	1
"v23"	1	FALSE	23	0.0657897496347933	1	2	1	0.0657897496347933	FALSE	1
"v24"	1	FALSE	24	0.0892955286200125	1	2	1	0.0892955286200125	FALSE	1
"v25"	4	TRUE	25	0.103765959100833	1	2	1	0.103765959100833	NA	NA
"v26"	1	FALSE	26	0.0947092118055651	1	2	1	0.0947092118055651	FALSE	1
"v27"	1	FALSE	27	0.0665997660987621	0	1	1	0.0665997660987621	FALSE	1
"v28"	1	FALSE	28	0.074512355263658	0.5	2	2	0.037256177631829	FALSE	1
"v29"	1	FALSE	29	0.0857800644047258	0.6	2	5	0.0171560128809452	FALSE	1
"v30"	4	TRUE	30	0.103765959100833	1	2	1	0.103765959100833	NA	NA
"v31"	1	FALSE	31	0.0947092118055651	1	2	1	0.0947092118055651	FALSE	1
"v32"	1	FALSE	32	0.105159769311445	1	3	1	0.105159769311445	FALSE	1
"v33"	1	FALSE	33	0.105159769311445	1	3	1	0.105159769311445	FALSE	1
"v34"	1	FALSE	34	0.105159769311445	1	3	1	0.105159769311445	FALSE	1
"v35"	2	FALSE	35	0.115815539432538	1	3	1	0.115815539432538	FALSE	6
"v36"	2	FALSE	36	0.115815539432538	1	3	1	0.115815539432538	FALSE	6
"v37"	2	FALSE	37	0.118280151751924	1	3	1	0.118280151751924	FALSE	6
"v38"	2	FALSE	38	0.115815539432538	1	3	1	0.115815539432538	FALSE	6
"v39"	2	FALSE	39	0.118280151751924	1	3	1	0.118280151751924	FALSE	6
"v40"	2	FALSE	40	0.118280151751924	1	3	1	0.118280151751924	FALSE	6
"v41"	2	FALSE	41	0.118280151751924	1	3	1	0.118280151751924	FALSE	6
"v42"	3	TRUE	42	0.187515268508316	0	2	1	0.187515268508316	NA	NA
"v43"	3	TRUE	43	0.187515268508316	0	2	1	0.187515268508316	NA	NA
"v44"	3	TRUE	44	0.187515268508316	0	2	1	0.187515268508316	NA	NA
"v45"	2	FALSE	45	0.120091814133934	0	2	1	0.120091814133934	FALSE	8
"v46"	2	FALSE	46	0.121666837269268	0	2	2	0.0608334186346342	FALSE	8
"v47"	5	FALSE	47	0.139893215370351	0	2	1	0.139893215370351	FALSE	5
"v48"	1	FALSE	48	0.0892955286200125	1	2	1	0.0892955286200125	FALSE	1
"v49"	4	TRUE	49	0.103765959100833	1	2	1	0.103765959100833	NA	NA
"v50"	1	FALSE	50	0.0721676289088173	0.5	2	2	0.0360838144544087	FALSE	1
"v51"	1	FALSE	51	0.0779476473593873	0.5	1.5	2	0.0389738236796936	FALSE	1
"v52"	4	TRUE	52	0.103765959100833	1	2	1	0.103765959100833	NA	NA
"v53"	1	FALSE	53	0.0947092118055651	1	2	1	0.0947092118055651	FALSE	1
"v54"	1	FALSE	54	0.0779476473593873	0.5	1.5	2	0.0389738236796936	FALSE	1
"v55"	4	TRUE	55	0.103765959100833	1	2	1	0.103765959100833	NA	NA
"v56"	1	FALSE	56	0.0999344905585053	1	2.5	2	0.0499672452792526	FALSE	1
"v57"	1	FALSE	57	0.0947092118055651	1	2	1	0.0947092118055651	FALSE	1
"v58"	1	FALSE	58	0.105159769311445	1	3	1	0.105159769311445	FALSE	1
"v59"	1	FALSE	59	0.105159769311445	1	3	1	0.105159769311445	FALSE	1
"v60"	1	FALSE	60	0.105159769311445	1	3	1	0.105159769311445	FALSE	1
"v61"	2	FALSE	61	0.115815539432538	1	3	1	0.115815539432538	FALSE	6
"v62"	6	TRUE	62	0.108841982812452	1	3	1	0.108841982812452	NA	NA
"v63"	2	FALSE	63	0.115815539432538	1	3	1	0.115815539432538	FALSE	6
"v64"	2	FALSE	64	0.117047845592231	1	3	2	0.0585239227961157	FALSE	6
"v65"	6	TRUE	65	0.108841982812452	1	3	1	0.108841982812452	NA	NA
"v66"	2	FALSE	66	0.113410925067831	1	3	2	0.0567054625339157	FALSE	6
"v67"	6	TRUE	67	0.108841982812452	1	3	1	0.108841982812452	NA	NA
"v68"	2	FALSE	68	0.118280151751924	1	3	1	0.118280151751924	FALSE	6
"v69"	2	FALSE	69	0.108541698383738	1	3	1	0.108541698383738	FALSE	NA
"v70"	2	FALSE	70	0.113410925067831	1	3	2	0.0567054625339157	FALSE	6
"v71"	3	TRUE	71	0.187515268508316	0	2	1	0.187515268508316	NA	NA
"v72"	2	FALSE	72	0.113758767339064	0.5	2	2	0.056879383669532	FALSE	8
"v73"	3	TRUE	73	0.187515268508316	0	2	1	0.187515268508316	NA	NA
"v74"	2	FALSE	74	0.11897583629439	0	1	1	0.11897583629439	FALSE	8
"v75"	3	TRUE	75	0.187515268508316	0	2	1	0.187515268508316	NA	NA
"v76"	2	FALSE	76	0.119533825214162	0	1.5	2	0.0597669126070809	FALSE	8
"v77"	2	FALSE	77	0.111238879763943	0	1	1	0.111238879763943	FALSE	8
"v78"	2	FALSE	78	0.118387097649217	0	1.5	4	0.0295967744123043	FALSE	8
"v79"	5	FALSE	79	0.137379922784979	0	2	2	0.0686899613924896	TRUE	5
"v80"	1	FALSE	80	0.0892955286200125	1	2	1	0.0892955286200125	FALSE	1
"v81"	4	TRUE	81	0.103765959100833	1	2	1	0.103765959100833	NA	NA
"v82"	1	FALSE	82	0.0892955286200125	1	2	1	0.0892955286200125	FALSE	1
"v83"	4	TRUE	83	0.103765959100833	1	2	1	0.103765959100833	NA	NA
"v84"	1	FALSE	84	0.0892955286200125	1	2	1	0.0892955286200125	FALSE	1
"v85"	4	TRUE	85	0.103765959100833	1	2	1	0.103765959100833	NA	NA
"v86"	6	TRUE	86	0.108841982812452	1	3	1	0.108841982812452	NA	NA
"v87"	2	FALSE	87	0.0903832563061697	1	3	1	0.0903832563061697	FALSE	6
"v88"	2	FALSE	88	0.118280151751924	1	3	1	0.118280151751924	FALSE	6
"v89"	6	TRUE	89	0.108841982812452	1	3	1	0.108841982812452	NA	NA
"v90"	2	FALSE	90	0.122290602649956	1	2	1	0.122290602649956	FALSE	6
"v91"	2	FALSE	91	0.0988076585713676	1	3	2	0.0494038292856838	FALSE	6
"v92"	2	FALSE	92	0.118280151751924	1	3	1	0.118280151751924	FALSE	6
"v93"	6	TRUE	93	0.108841982812452	1	3	1	0.108841982812452	NA	NA
"v94"	2	FALSE	94	0.122290602649956	1	2	1	0.122290602649956	FALSE	6
"v95"	2	FALSE	95	0.108541698383738	1	3	1	0.108541698383738	FALSE	NA
"v96"	2	FALSE	96	0.0988076585713676	1	3	2	0.0494038292856838	FALSE	6
"v97"	2	FALSE	97	0.112756106294245	1	3	2	0.0563780531471225	FALSE	6
"v98"	2	FALSE	98	0.122290602649956	1	2	1	0.122290602649956	FALSE	6
"v99"	2	FALSE	99	0.113409253157744	0.5	2.5	2	0.0567046265788718	FALSE	NA
"v100"	2	FALSE	100	0.118280151751924	1	3	1	0.118280151751924	FALSE	6
"v101"	2	FALSE	101	0.113409253157744	0.5	2.5	2	0.0567046265788718	FALSE	NA
"v102"	3	TRUE	102	0.187515268508316	0	2	1	0.187515268508316	NA	NA
"v103"	2	FALSE	103	0.11897583629439	0	1	1	0.11897583629439	FALSE	8
"v104"	2	FALSE	104	0.113409253157744	0.5	2.5	2	0.0567046265788718	FALSE	NA
"v105"	3	TRUE	105	0.187515268508316	0	2	1	0.187515268508316	NA	NA
"v106"	2	FALSE	106	0.109165785483239	0	1	2	0.0545828927416194	FALSE	8
"v107"	3	TRUE	107	0.187515268508316	0	2	1	0.187515268508316	NA	NA
"v108"	2	FALSE	108	0.11280779503347	0	1.33333333333333	3	0.0376025983444902	FALSE	8
"v109"	2	FALSE	109	0.111238879763943	0	1	1	0.111238879763943	FALSE	8
"v110"	2	FALSE	110	0.114580825053792	0	1.4	5	0.0229161650107583	FALSE	8
"v111"	5	FALSE	111	0.137379922784979	0	2	2	0.0686899613924896	TRUE	5
"v112"	4	TRUE	112	0.103765959100833	1	2	1	0.103765959100833	NA	NA
"v113"	4	TRUE	113	0.103765959100833	1	2	1	0.103765959100833	NA	NA
"v114"	4	TRUE	114	0.103765959100833	1	2	1	0.103765959100833	NA	NA
"v115"	6	TRUE	115	0.108841982812452	1	3	1	0.108841982812452	NA	NA
"v116"	2	FALSE	116	0.0903832563061697	1	3	1	0.0903832563061697	FALSE	6
"v117"	6	TRUE	117	0.108841982812452	1	3	1	0.108841982812452	NA	NA
"v118"	2	FALSE	118	0.122290602649956	1	2	1	0.122290602649956	FALSE	6
"v119"	2	FALSE	119	0.0988076585713676	1	3	2	0.0494038292856838	FALSE	6
"v120"	6	TRUE	120	0.108841982812452	1	3	1	0.108841982812452	NA	NA
"v121"	2	FALSE	121	0.122290602649956	1	2	1	0.122290602649956	FALSE	6
"v122"	2	FALSE	122	0.108541698383738	1	3	1	0.108541698383738	FALSE	NA
"v123"	2	FALSE	123	0.0988076585713676	1	3	2	0.0494038292856838	FALSE	6
"v124"	2	FALSE	124	0.122290602649956	1	2	1	0.122290602649956	FALSE	6
"v125"	2	FALSE	125	0.113409253157744	0.5	2.5	2	0.0567046265788718	FALSE	NA
"v126"	2	FALSE	126	0.107232060836565	1	3	1	0.107232060836565	FALSE	6
"v127"	2	FALSE	127	0.116095434223123	0.333333333333333	2.33333333333333	3	0.0386984780743743	FALSE	NA
"v128"	2	FALSE	128	0.0941816662937242	1	2	1	0.0941816662937242	FALSE	8
"v129"	2	FALSE	129	0.11681553474094	0.25	2	4	0.0292038836852349	FALSE	8
"v130"	2	FALSE	130	0.0941816662937242	1	2	1	0.0941816662937242	FALSE	8
"v131"	2	FALSE	131	0.0967687004829061	0.5	1.5	2	0.0483843502414531	FALSE	8
"v132"	2	FALSE	132	0.120221816324136	0	1.5	2	0.0601109081620677	FALSE	8
"v133"	2	FALSE	133	0.121454687675476	0	2	1	0.121454687675476	FALSE	8
"v134"	2	FALSE	134	0.099355734672088	0	1	1	0.099355734672088	FALSE	8
"v135"	2	FALSE	135	0.11897583629439	0	1	1	0.11897583629439	FALSE	8
"v136"	2	FALSE	136	0.11634678371971	0	1.5	2	0.0581733918598548	FALSE	8
"v137"	2	FALSE	137	0.0941816662937242	1	2	1	0.0941816662937242	FALSE	8
"v138"	2	FALSE	138	0.121467796353881	0	2	1	0.121467796353881	FALSE	8
"v139"	2	FALSE	139	0.111245683171491	0	1.57142857142857	7	0.0158922404530701	FALSE	8
"v140"	5	FALSE	140	0.134866630199608	0	2	1	0.134866630199608	FALSE	5
"v141"	7	FALSE	141	0.0832960300714959	1	2	1	0.0832960300714959	FALSE	7
"v142"	7	FALSE	142	0.0832960300714959	1	2	1	0.0832960300714959	FALSE	7
"v143"	7	FALSE	143	0.0832960300714959	1	2	1	0.0832960300714959	FALSE	7
"v144"	2	FALSE	144	0.0969129947760808	1	2	1	0.0969129947760808	FALSE	6
"v145"	2	FALSE	145	0.0969129947760808	1	2	1	0.0969129947760808	FALSE	6
"v146"	2	FALSE	146	0.0969129947760808	1	2	1	0.0969129947760808	FALSE	6
"v147"	2	FALSE	147	0.0903832563061697	1	3	1	0.0903832563061697	FALSE	6
"v148"	2	FALSE	148	0.122290602649956	1	2	1	0.122290602649956	FALSE	6
"v149"	2	FALSE	149	0.0988076585713676	1	3	2	0.0494038292856838	FALSE	6
"v150"	2	FALSE	150	0.122290602649956	1	2	1	0.122290602649956	FALSE	6
"v151"	2	FALSE	151	0.108541698383738	1	3	1	0.108541698383738	FALSE	NA
"v152"	2	FALSE	152	0.0988076585713676	1	3	2	0.0494038292856838	FALSE	6
"v153"	2	FALSE	153	0.122290602649956	1	2	1	0.122290602649956	FALSE	6
"v154"	2	FALSE	154	0.113409253157744	0.5	2.5	2	0.0567046265788718	FALSE	NA
"v155"	2	FALSE	155	0.107232060836565	1	3	1	0.107232060836565	FALSE	6
"v156"	2	FALSE	156	0.116095434223123	0.333333333333333	2.33333333333333	3	0.0386984780743743	FALSE	NA
"v157"	2	FALSE	157	0.0941816662937242	1	2	1	0.0941816662937242	FALSE	8
"v158"	2	FALSE	158	0.11681553474094	0.25	2	4	0.0292038836852349	FALSE	8
"v159"	2	FALSE	159	0.105115930298614	0	1	1	0.105115930298614	FALSE	8
"v160"	2	FALSE	160	0.0941816662937242	1	2	1	0.0941816662937242	FALSE	8
"v161"	2	FALSE	161	0.099355734672088	0	1	1	0.099355734672088	FALSE	8
"v162"	2	FALSE	162	0.11897583629439	0	1	1	0.11897583629439	FALSE	8
"v163"	2	FALSE	163	0.105115930298614	0	1	1	0.105115930298614	FALSE	8
"v164"	2	FALSE	164	0.121454687675476	0	2	1	0.121454687675476	FALSE	8
"v165"	2	FALSE	165	0.0934428026416851	0.5	1.5	2	0.0467214013208425	FALSE	8
"v166"	2	FALSE	166	0.121467796353881	0	2	1	0.121467796353881	FALSE	8
"v167"	2	FALSE	167	0.099355734672088	0	1	1	0.099355734672088	FALSE	8
"v168"	2	FALSE	168	0.108551703310303	0	2	1	0.108551703310303	FALSE	8
"v169"	2	FALSE	169	0.11897583629439	0	1	1	0.11897583629439	FALSE	8
"v170"	2	FALSE	170	0.105115930298614	0	1	1	0.105115930298614	FALSE	8
"v171"	2	FALSE	171	0.121454687675476	0	2	1	0.121454687675476	FALSE	8
"v172"	2	FALSE	172	0.0934428026416851	0.5	1.5	2	0.0467214013208425	FALSE	8
"v173"	2	FALSE	173	0.121467796353881	0	2	1	0.121467796353881	FALSE	8
"v174"	2	FALSE	174	0.106326326828807	0	1.5	8	0.0132907908536008	FALSE	8
"v175"	7	FALSE	175	0.0991745968288496	1	3	1	0.0991745968288496	FALSE	7
"v176"	7	FALSE	176	0.0832960300714959	1	2	1	0.0832960300714959	FALSE	7
"v177"	7	FALSE	177	0.0991745968288496	1	3	1	0.0991745968288496	FALSE	7
"v178"	7	FALSE	178	0.0832960300714959	1	2	1	0.0832960300714959	FALSE	7
"v179"	7	FALSE	179	0.0991745968288496	1	3	1	0.0991745968288496	FALSE	7
"v180"	7	FALSE	180	0.0832960300714959	1	2	1	0.0832960300714959	FALSE	7
"v181"	2	FALSE	181	0.0969129947760808	1	2	1	0.0969129947760808	FALSE	6
"v182"	2	FALSE	182	0.0969129947760808	1	2	1	0.0969129947760808	FALSE	6
"v183"	2	FALSE	183	0.0946796939058746	1	2	1	0.0946796939058746	FALSE	6
"v184"	2	FALSE	184	0.0969129947760808	1	2	1	0.0969129947760808	FALSE	6
"v185"	2	FALSE	185	0.0946796939058746	1	2	1	0.0946796939058746	FALSE	6
"v186"	2	FALSE	186	0.108067452464132	1	2.33333333333333	3	0.0360224841547107	TRUE	6
"v187"	2	FALSE	187	0.122290602649956	1	2	1	0.122290602649956	FALSE	6
"v188"	2	FALSE	188	0.107232060836565	1	3	1	0.107232060836565	FALSE	6
"v189"	2	FALSE	189	0.122290602649956	1	2	1	0.122290602649956	FALSE	6
"v190"	2	FALSE	190	0.107232060836565	1	3	1	0.107232060836565	FALSE	6
"v191"	2	FALSE	191	0.0941816662937242	1	2	1	0.0941816662937242	FALSE	8
"v192"	2	FALSE	192	0.121467796353881	0	2	1	0.121467796353881	FALSE	8
"v193"	2	FALSE	193	0.110799002632826	0	1.5	2	0.0553995013164131	FALSE	8
"v194"	2	FALSE	194	0.0941816662937242	1	2	1	0.0941816662937242	FALSE	8
"v195"	2	FALSE	195	0.121467796353881	0	2	1	0.121467796353881	FALSE	8
"v196"	2	FALSE	196	0.110256315445468	0	2	1	0.110256315445468	FALSE	8
"v197"	2	FALSE	197	0.116482074967038	0	2	1	0.116482074967038	FALSE	8
"v198"	2	FALSE	198	0.105115930298614	0	1	1	0.105115930298614	FALSE	8
"v199"	2	FALSE	199	0.121454687675476	0	2	1	0.121454687675476	FALSE	8
"v200"	2	FALSE	200	0.0934428026416851	0.5	1.5	2	0.0467214013208425	FALSE	8
"v201"	2	FALSE	201	0.121467796353881	0	2	1	0.121467796353881	FALSE	8
"v202"	2	FALSE	202	0.110256315445468	0	2	1	0.110256315445468	FALSE	8
"v203"	2	FALSE	203	0.0931838365008525	0	2	1	0.0931838365008525	FALSE	8
"v204"	2	FALSE	204	0.116482074967038	0	2	1	0.116482074967038	FALSE	8
"v205"	2	FALSE	205	0.108551703310303	0	2	1	0.108551703310303	FALSE	8
"v206"	2	FALSE	206	0.105115930298614	0	1	1	0.105115930298614	FALSE	8
"v207"	2	FALSE	207	0.121454687675476	0	2	1	0.121454687675476	FALSE	8
"v208"	2	FALSE	208	0.0934428026416851	0.5	1.5	2	0.0467214013208425	FALSE	8
"v209"	2	FALSE	209	0.121467796353881	0	2	1	0.121467796353881	FALSE	8
"v210"	2	FALSE	210	0.110256315445468	0	2	1	0.110256315445468	FALSE	8
"v211"	2	FALSE	211	0.0946712484983869	0	2	2	0.0473356242491935	FALSE	8
"v212"	2	FALSE	212	0.108551703310303	0	2	1	0.108551703310303	FALSE	8
"v213"	2	FALSE	213	0.105115930298614	0	1	1	0.105115930298614	FALSE	8
"v214"	2	FALSE	214	0.121454687675476	0	2	1	0.121454687675476	FALSE	8
"v215"	2	FALSE	215	0.108294122894014	0	2	1	0.108294122894014	FALSE	8
"v216"	2	FALSE	216	0.092703938989646	0	1	1	0.092703938989646	FALSE	8
"v217"	7	FALSE	217	0.092644833960582	1	2	1	0.092644833960582	FALSE	7
"v218"	7	FALSE	218	0.0991745968288496	1	3	1	0.0991745968288496	FALSE	7
"v219"	7	FALSE	219	0.0917051536203092	1	2.33333333333333	3	0.0305683845401031	TRUE	7
"v220"	7	FALSE	220	0.0917051536203092	1	2.33333333333333	3	0.0305683845401031	TRUE	7
"v221"	7	FALSE	221	0.0832960300714959	1	2	1	0.0832960300714959	FALSE	7
"v222"	7	FALSE	222	0.092644833960582	1	2	1	0.092644833960582	FALSE	7
"v223"	2	FALSE	223	0.0969129947760808	1	2	1	0.0969129947760808	FALSE	6
"v224"	2	FALSE	224	0.0868770609865224	1	3	1	0.0868770609865224	FALSE	6
"v225"	2	FALSE	225	0.0918950278813016	1	2.5	2	0.0459475139406508	FALSE	6
"v226"	2	FALSE	226	0.0946796939058746	1	2	1	0.0946796939058746	FALSE	6
"v227"	2	FALSE	227	0.0995013169383758	0	2	1	0.0995013169383758	FALSE	11
"v228"	2	FALSE	228	0.0918950278813016	1	2.5	2	0.0459475139406508	FALSE	6
"v229"	2	FALSE	229	0.0946796939058746	1	2	1	0.0946796939058746	FALSE	6
"v230"	2	FALSE	230	0.0995013169383758	0	2	1	0.0995013169383758	FALSE	11
"v231"	2	FALSE	231	0.0907783774461985	1	2.5	2	0.0453891887230993	FALSE	6
"v232"	2	FALSE	232	0.0995013169383758	0	2	1	0.0995013169383758	FALSE	11
"v233"	2	FALSE	233	0.0995013169383758	0	2	1	0.0995013169383758	FALSE	11
"v234"	2	FALSE	234	0.121467796353881	0	2	1	0.121467796353881	FALSE	8
"v235"	2	FALSE	235	0.110799002632826	0	1.5	2	0.0553995013164131	FALSE	8
"v236"	2	FALSE	236	0.121467796353881	0	2	1	0.121467796353881	FALSE	8
"v237"	2	FALSE	237	0.102154176712574	0	1.25	4	0.0255385441781436	FALSE	8
"v238"	2	FALSE	238	0.116482074967038	0	2	1	0.116482074967038	FALSE	8
"v239"	2	FALSE	239	0.121467796353881	0	2	1	0.121467796353881	FALSE	8
"v240"	2	FALSE	240	0.105204397161929	0	1.5	8	0.0131505496452411	FALSE	8
"v241"	2	FALSE	241	0.121467796353881	0	2	1	0.121467796353881	FALSE	8
"v242"	2	FALSE	242	0.104180903152801	0	1.5	8	0.0130226128941001	TRUE	8
"v243"	8	TRUE	243	0.143620726509084	0	1	1	0.143620726509084	NA	NA
"v244"	7	FALSE	244	0.092644833960582	1	2	1	0.092644833960582	FALSE	7
"v245"	7	FALSE	245	0.0991745968288496	1	3	1	0.0991745968288496	FALSE	7
"v246"	7	FALSE	246	0.092644833960582	1	2	1	0.092644833960582	FALSE	7
"v247"	7	FALSE	247	0.0991745968288496	1	3	1	0.0991745968288496	FALSE	7
"v248"	7	FALSE	248	0.092644833960582	1	2	1	0.092644833960582	FALSE	7
"v249"	7	FALSE	249	0.0991745968288496	1	3	1	0.0991745968288496	FALSE	7
"v250"	7	FALSE	250	0.092644833960582	1	2	1	0.092644833960582	FALSE	7
"v251"	2	FALSE	251	0.0868770609865224	1	3	1	0.0868770609865224	FALSE	6
"v252"	2	FALSE	252	0.0892903342166696	1	3	2	0.0446451671083348	FALSE	NA
"v253"	2	FALSE	253	0.0946796939058746	1	2	1	0.0946796939058746	FALSE	6
"v254"	2	FALSE	254	0.0995013169383758	0	2	1	0.0995013169383758	FALSE	11
"v255"	2	FALSE	255	0.0892903342166696	1	3	2	0.0446451671083348	FALSE	NA
"v256"	2	FALSE	256	0.0946796939058746	1	2	1	0.0946796939058746	FALSE	6
"v257"	2	FALSE	257	0.0995013169383758	0	2	1	0.0995013169383758	FALSE	11
"v258"	2	FALSE	258	0.0892903342166696	1	3	2	0.0446451671083348	FALSE	NA
"v259"	2	FALSE	259	0.0946796939058746	1	2	1	0.0946796939058746	FALSE	6
"v260"	2	FALSE	260	0.0995013169383758	0	2	1	0.0995013169383758	FALSE	11
"v261"	2	FALSE	261	0.0995013169383758	0	2	1	0.0995013169383758	FALSE	11
"v262"	2	FALSE	262	0.103148141234182	0	1	1	0.103148141234182	FALSE	11
"v263"	2	FALSE	263	0.103148141234182	0	1	1	0.103148141234182	FALSE	11
"v264"	2	FALSE	264	0.107467793262379	0	2	1	0.107467793262379	FALSE	11
"v265"	2	FALSE	265	0.103148141234182	0	1	1	0.103148141234182	FALSE	11
"v266"	2	FALSE	266	0.107467793262379	0	2	1	0.107467793262379	FALSE	11
"v267"	2	FALSE	267	0.101981656714316	0	1.5	2	0.0509908283571581	FALSE	NA
"v268"	2	FALSE	268	0.116482074967038	0	2	1	0.116482074967038	FALSE	8
"v269"	2	FALSE	269	0.128796467470825	0	1	1	0.128796467470825	FALSE	NA
"v270"	2	FALSE	270	0.105115930298614	0	1	1	0.105115930298614	FALSE	8
"v271"	2	FALSE	271	0.105304255953551	0	1.33333333333333	3	0.0351014186511835	FALSE	8
"v272"	2	FALSE	272	0.101981656714316	0	1.5	2	0.0509908283571581	FALSE	NA
"v273"	2	FALSE	273	0.116482074967038	0	2	1	0.116482074967038	FALSE	8
"v274"	2	FALSE	274	0.128796467470825	0	1	1	0.128796467470825	FALSE	NA
"v275"	2	FALSE	275	0.10820894032907	0	1.375	8	0.0135261175411338	FALSE	8
"v276"	2	FALSE	276	0.102274151090376	0	1.5	4	0.025568537772594	FALSE	8
"v277"	8	TRUE	277	0.143620726509084	0	1	1	0.143620726509084	NA	NA
"v278"	2	FALSE	278	0.114800855666939	0	1	1	0.114800855666939	FALSE	8
"v279"	7	FALSE	279	0.092644833960582	1	2	1	0.092644833960582	FALSE	7
"v280"	7	FALSE	280	0.0991745968288496	1	3	1	0.0991745968288496	FALSE	7
"v281"	7	FALSE	281	0.092644833960582	1	2	1	0.092644833960582	FALSE	7
"v282"	7	FALSE	282	0.0991745968288496	1	3	1	0.0991745968288496	FALSE	7
"v283"	7	FALSE	283	0.092644833960582	1	2	1	0.092644833960582	FALSE	7
"v284"	7	FALSE	284	0.0991745968288496	1	3	1	0.0991745968288496	FALSE	7
"v285"	7	FALSE	285	0.092644833960582	1	2	1	0.092644833960582	FALSE	7
"v286"	2	FALSE	286	0.0868770609865224	1	3	1	0.0868770609865224	FALSE	6
"v287"	2	FALSE	287	0.0892903342166696	1	3	2	0.0446451671083348	FALSE	NA
"v288"	2	FALSE	288	0.116682651199139	1	3	1	0.116682651199139	FALSE	11
"v289"	2	FALSE	289	0.0995013169383758	0	2	1	0.0995013169383758	FALSE	11
"v290"	2	FALSE	290	0.0892903342166696	1	3	2	0.0446451671083348	FALSE	NA
"v291"	2	FALSE	291	0.116682651199139	1	3	1	0.116682651199139	FALSE	11
"v292"	2	FALSE	292	0.0955576864005617	1	2	1	0.0955576864005617	FALSE	11
"v293"	2	FALSE	293	0.0995013169383758	0	2	1	0.0995013169383758	FALSE	11
"v294"	2	FALSE	294	0.0892903342166696	1	3	2	0.0446451671083348	FALSE	NA
"v295"	2	FALSE	295	0.116682651199139	1	3	1	0.116682651199139	FALSE	11
"v296"	2	FALSE	296	0.0955576864005617	1	2	1	0.0955576864005617	FALSE	11
"v297"	2	FALSE	297	0.110989909359453	1	3	1	0.110989909359453	FALSE	11
"v298"	2	FALSE	298	0.0995013169383758	0	2	1	0.0995013169383758	FALSE	11
"v299"	2	FALSE	299	0.102299263483143	0.5	2	4	0.0255748158707858	FALSE	11
"v300"	2	FALSE	300	0.116102845021044	0	1	1	0.116102845021044	FALSE	11
"v301"	2	FALSE	301	0.110989909359453	1	3	1	0.110989909359453	FALSE	11
"v302"	2	FALSE	302	0.116102845021044	0	1	1	0.116102845021044	FALSE	11
"v303"	2	FALSE	303	0.10530796724828	0	1.5	2	0.0526539836241402	FALSE	11
"v304"	2	FALSE	304	0.110993925505336	0	2	1	0.110993925505336	FALSE	11
"v305"	2	FALSE	305	0.116102845021044	0	1	1	0.116102845021044	FALSE	11
"v306"	2	FALSE	306	0.10530796724828	0	1.5	2	0.0526539836241402	FALSE	11
"v307"	2	FALSE	307	0.111971310285168	0	1.4	5	0.0223942620570335	FALSE	11
"v308"	2	FALSE	308	0.101981656714316	0	1.5	2	0.0509908283571581	FALSE	NA
"v309"	2	FALSE	309	0.110993925505336	0	2	1	0.110993925505336	FALSE	11
"v310"	2	FALSE	310	0.128796467470825	0	1	1	0.128796467470825	FALSE	NA
"v311"	2	FALSE	311	0.10054052211657	0	1	1	0.10054052211657	FALSE	8
"v312"	2	FALSE	312	0.110158341355147	0	1	4	0.0275395853387867	FALSE	8
"v313"	8	TRUE	313	0.143620726509084	0	1	1	0.143620726509084	NA	NA
"v314"	2	FALSE	314	0.107670688891755	0	1	2	0.0538353444458774	FALSE	8
"v315"	2	FALSE	315	0.0961366189253228	1	2	1	0.0961366189253228	FALSE	NA
"v316"	2	FALSE	316	0.0868770609865224	1	3	1	0.0868770609865224	FALSE	6
"v317"	2	FALSE	317	0.0961366189253228	1	2	1	0.0961366189253228	FALSE	NA
"v318"	2	FALSE	318	0.0892903342166696	1	3	2	0.0446451671083348	FALSE	NA
"v319"	2	FALSE	319	0.116682651199139	1	3	1	0.116682651199139	FALSE	11
"v320"	2	FALSE	320	0.0961366189253228	1	2	1	0.0961366189253228	FALSE	NA
"v321"	2	FALSE	321	0.0892903342166696	1	3	2	0.0446451671083348	FALSE	NA
"v322"	2	FALSE	322	0.102852106118365	1	2	1	0.102852106118365	FALSE	11
"v323"	2	FALSE	323	0.116682651199139	1	3	1	0.116682651199139	FALSE	11
"v324"	2	FALSE	324	0.0955576864005617	1	2	1	0.0955576864005617	FALSE	11
"v325"	2	FALSE	325	0.0961366189253228	1	2	1	0.0961366189253228	FALSE	NA
"v326"	2	FALSE	326	0.0892903342166696	1	3	2	0.0446451671083348	FALSE	NA
"v327"	2	FALSE	327	0.102852106118365	1	2	1	0.102852106118365	FALSE	11
"v328"	2	FALSE	328	0.116682651199139	1	3	1	0.116682651199139	FALSE	11
"v329"	2	FALSE	329	0.0955576864005617	1	2	1	0.0955576864005617	FALSE	11
"v330"	2	FALSE	330	0.110989909359453	1	3	1	0.110989909359453	FALSE	11
"v331"	2	FALSE	331	0.0995373317522636	1	3	1	0.0995373317522636	FALSE	11
"v332"	2	FALSE	332	0.102417034972965	0.8	2.2	5	0.020483406994593	FALSE	11
"v333"	2	FALSE	333	0.116102845021044	0	1	1	0.116102845021044	FALSE	11
"v334"	2	FALSE	334	0.10817116423	0.333333333333333	1.83333333333333	6	0.0180285273716666	FALSE	11
"v335"	9	TRUE	335	0.182309896604387	0	1	1	0.182309896604387	NA	NA
"v336"	2	FALSE	336	0.111387445128006	0	1.5	2	0.0556937225640028	FALSE	11
"v337"	2	FALSE	337	0.0995373317522636	1	3	1	0.0995373317522636	FALSE	11
"v338"	2	FALSE	338	0.116102845021044	0	1	1	0.116102845021044	FALSE	11
"v339"	2	FALSE	339	0.103148141234182	0	1	1	0.103148141234182	FALSE	11
"v340"	2	FALSE	340	0.107467793262379	0	2	1	0.107467793262379	FALSE	11
"v341"	9	TRUE	341	0.182309896604387	0	1	1	0.182309896604387	NA	NA
"v342"	2	FALSE	342	0.0964955201662534	0	1	1	0.0964955201662534	FALSE	NA
"v343"	2	FALSE	343	0.111387445128006	0	1.5	2	0.0556937225640028	FALSE	11
"v344"	2	FALSE	344	0.128796467470825	0	1	1	0.128796467470825	FALSE	NA
"v345"	2	FALSE	345	0.116102845021044	0	1	1	0.116102845021044	FALSE	11
"v346"	2	FALSE	346	0.107467793262379	0	2	1	0.107467793262379	FALSE	11
"v347"	9	TRUE	347	0.182309896604387	0	1	1	0.182309896604387	NA	NA
"v348"	2	FALSE	348	0.101981656714316	0	1.5	2	0.0509908283571581	FALSE	NA
"v349"	2	FALSE	349	0.110993925505336	0	2	1	0.110993925505336	FALSE	11
"v350"	2	FALSE	350	0.128796467470825	0	1	1	0.128796467470825	FALSE	NA
"v351"	2	FALSE	351	0.0964955201662534	0	1	1	0.0964955201662534	FALSE	NA
"v352"	2	FALSE	352	0.128796467470825	0	1	1	0.128796467470825	FALSE	NA
"v353"	8	TRUE	353	0.143620726509084	0	1	1	0.143620726509084	NA	NA
"v354"	2	FALSE	354	0.0961366189253228	1	2	1	0.0961366189253228	FALSE	NA
"v355"	2	FALSE	355	0.167621041232843	1	3	1	0.167621041232843	FALSE	12
"v356"	2	FALSE	356	0.0985741269507223	1	2	2	0.0492870634753612	FALSE	NA
"v357"	2	FALSE	357	0.10138362813685	1	2.5	4	0.0253459070342125	FALSE	NA
"v358"	2	FALSE	358	0.167621041232843	1	3	1	0.167621041232843	FALSE	12
"v359"	2	FALSE	359	0.100657384177721	1	2.33333333333333	6	0.0167762306962869	FALSE	11
"v360"	2	FALSE	360	0.167621041232843	1	3	1	0.167621041232843	FALSE	12
"v361"	2	FALSE	361	0.103198907658695	0.857142857142857	2.42857142857143	7	0.0147427010940993	FALSE	11
"v362"	2	FALSE	362	0.110299765836012	0.444444444444444	1.66666666666667	9	0.0122555295373347	TRUE	11
"v363"	2	FALSE	363	0.113258633094482	0.25	1.5	8	0.0141573291368103	FALSE	11
"v364"	9	TRUE	364	0.182309896604387	0	1	1	0.182309896604387	NA	NA
"v365"	2	FALSE	365	0.108092567274904	0	1	1	0.108092567274904	FALSE	11
"v366"	2	FALSE	366	0.111387445128006	0	1.5	2	0.0556937225640028	FALSE	11
"v367"	2	FALSE	367	0.0995373317522636	1	3	1	0.0995373317522636	FALSE	11
"v368"	2	FALSE	368	0.116102845021044	0	1	1	0.116102845021044	FALSE	11
"v369"	2	FALSE	369	0.151348244029069	0	1	1	0.151348244029069	FALSE	11
"v370"	2	FALSE	370	0.103148141234182	0	1	1	0.103148141234182	FALSE	11
"v371"	9	TRUE	371	0.182309896604387	0	1	1	0.182309896604387	NA	NA
"v372"	2	FALSE	372	0.111387445128006	0	1.5	2	0.0556937225640028	FALSE	11
"v373"	2	FALSE	373	0.116102845021044	0	1	1	0.116102845021044	FALSE	11
"v374"	9	TRUE	374	0.182309896604387	0	1	1	0.182309896604387	NA	NA
"v375"	2	FALSE	375	0.110993925505336	0	2	1	0.110993925505336	FALSE	11
"v376"	2	FALSE	376	0.12910067598317	1	2	1	0.12910067598317	FALSE	12
"v377"	2	FALSE	377	0.116518714871853	1	2	1	0.116518714871853	FALSE	12
"v378"	2	FALSE	378	0.12910067598317	1	2	1	0.12910067598317	FALSE	12
"v379"	2	FALSE	379	0.116518714871853	1	2	1	0.116518714871853	FALSE	12
"v380"	2	FALSE	380	0.12910067598317	1	2	1	0.12910067598317	FALSE	12
"v381"	2	FALSE	381	0.113918669926782	1	2	3	0.037972889975594	FALSE	12
"v382"	2	FALSE	382	0.104555656257766	1	2	3	0.0348518854192553	FALSE	12
"v383"	2	FALSE	383	0.167621041232843	1	3	1	0.167621041232843	FALSE	12
"v384"	2	FALSE	384	0.167621041232843	1	3	1	0.167621041232843	FALSE	12
"v385"	2	FALSE	385	0.0985741269507223	1	2	2	0.0492870634753612	FALSE	NA
"v386"	2	FALSE	386	0.106822999261841	1	2.2	5	0.0213645998523682	FALSE	11
"v387"	2	FALSE	387	0.167621041232843	1	3	1	0.167621041232843	FALSE	12
"v388"	2	FALSE	388	0.100754046401365	0.75	2	4	0.0251885116003412	FALSE	11
"v389"	2	FALSE	389	0.138556949888834	1	3	1	0.138556949888834	FALSE	11
"v390"	2	FALSE	390	0.102221750576073	0.6	1.8	5	0.0204443501152145	FALSE	11
"v391"	2	FALSE	391	0.138556949888834	1	3	1	0.138556949888834	FALSE	11
"v392"	2	FALSE	392	0.151348244029069	0	1	1	0.151348244029069	FALSE	11
"v393"	2	FALSE	393	0.121739397020866	0.25	1.625	8	0.0152174246276082	FALSE	11
"v394"	9	TRUE	394	0.182309896604387	0	1	1	0.182309896604387	NA	NA
"v395"	2	FALSE	395	0.108092567274904	0	1	1	0.108092567274904	FALSE	11
"v396"	2	FALSE	396	0.111387445128006	0	1.5	2	0.0556937225640028	FALSE	11
"v397"	2	FALSE	397	0.126677745849256	0	1	1	0.126677745849256	FALSE	11
"v398"	2	FALSE	398	0.0995373317522636	1	3	1	0.0995373317522636	FALSE	11
"v399"	2	FALSE	399	0.132852311287656	0	2	1	0.132852311287656	FALSE	11
"v400"	2	FALSE	400	0.151348244029069	0	1	1	0.151348244029069	FALSE	11
"v401"	9	TRUE	401	0.182309896604387	0	1	1	0.182309896604387	NA	NA
"v402"	2	FALSE	402	0.111387445128006	0	1.5	2	0.0556937225640028	FALSE	11
"v403"	2	FALSE	403	0.126677745849256	0	1	1	0.126677745849256	FALSE	11
"v404"	2	FALSE	404	0.132852311287656	0	2	1	0.132852311287656	FALSE	11
"v405"	9	TRUE	405	0.182309896604387	0	1	1	0.182309896604387	NA	NA
"v406"	2	FALSE	406	0.118835835677296	0	1.5	2	0.059417917838648	FALSE	11
"v407"	2	FALSE	407	0.12910067598317	1	2	1	0.12910067598317	FALSE	12
"v408"	2	FALSE	408	0.0889374739743851	1	1	1	0.0889374739743851	FALSE	12
"v409"	2	FALSE	409	0.122809695427511	1	2	2	0.0614048477137557	FALSE	12
"v410"	2	FALSE	410	0.0874360388784231	1	1	2	0.0437180194392115	FALSE	12
"v411"	2	FALSE	411	0.116518714871853	1	2	1	0.116518714871853	FALSE	12
"v412"	2	FALSE	412	0.12910067598317	1	2	1	0.12910067598317	FALSE	12
"v413"	2	FALSE	413	0.0859346037824611	1	1	1	0.0859346037824611	FALSE	12
"v414"	2	FALSE	414	0.0889374739743851	1	1	1	0.0889374739743851	FALSE	12
"v415"	2	FALSE	415	0.116518714871853	1	2	1	0.116518714871853	FALSE	12
"v416"	2	FALSE	416	0.12910067598317	1	2	1	0.12910067598317	FALSE	12
"v417"	2	FALSE	417	0.091317132062782	0.5	1	2	0.045658566031391	FALSE	12
"v418"	2	FALSE	418	0.0954878601382822	1	1	1	0.0954878601382822	FALSE	12
"v419"	2	FALSE	419	0.0961366189253228	1	2	1	0.0961366189253228	FALSE	NA
"v420"	2	FALSE	420	0.103809134669648	0.888888888888889	1.55555555555556	9	0.0115343482966276	FALSE	12
"v421"	2	FALSE	421	0.0859346037824611	1	1	1	0.0859346037824611	FALSE	12
"v422"	2	FALSE	422	0.167621041232843	1	3	1	0.167621041232843	FALSE	12
"v423"	2	FALSE	423	0.101011634976122	1	2	1	0.101011634976122	FALSE	NA
"v424"	2	FALSE	424	0.091317132062782	0.5	1	2	0.045658566031391	FALSE	12
"v425"	2	FALSE	425	0.0954878601382822	1	1	1	0.0954878601382822	FALSE	12
"v426"	2	FALSE	426	0.0961366189253228	1	2	1	0.0961366189253228	FALSE	NA
"v427"	2	FALSE	427	0.167621041232843	1	3	1	0.167621041232843	FALSE	12
"v428"	2	FALSE	428	0.0985741269507223	1	2	2	0.0492870634753612	FALSE	NA
"v429"	2	FALSE	429	0.138556949888834	1	3	1	0.138556949888834	FALSE	11
"v430"	2	FALSE	430	0.138556949888834	1	3	1	0.138556949888834	FALSE	11
"v431"	2	FALSE	431	0.105069061334268	0	1	1	0.105069061334268	FALSE	11
"v432"	2	FALSE	432	0.121503290879414	0	1	3	0.0405010969598045	FALSE	11
"v433"	2	FALSE	433	0.138556949888834	1	3	1	0.138556949888834	FALSE	11
"v434"	2	FALSE	434	0.124911120630666	0.142857142857143	1.42857142857143	7	0.0178444458043809	FALSE	11
"v435"	2	FALSE	435	0.126150366638312	0	1.2	5	0.0252300733276624	FALSE	11
"v436"	2	FALSE	436	0.111780964750675	0	1	1	0.111780964750675	FALSE	11
"v437"	2	FALSE	437	0.129765028568456	0	1.5	2	0.064882514284228	FALSE	11
"v438"	2	FALSE	438	0.126677745849256	0	1	1	0.126677745849256	FALSE	11
"v439"	2	FALSE	439	0.12910067598317	1	2	1	0.12910067598317	FALSE	12
"v440"	2	FALSE	440	0.0867485815088149	1	1	2	0.0433742907544074	FALSE	12
"v441"	2	FALSE	441	0.116518714871853	1	2	1	0.116518714871853	FALSE	12
"v442"	2	FALSE	442	0.12910067598317	1	2	1	0.12910067598317	FALSE	12
"v443"	2	FALSE	443	0.0881119665276766	1	1	6	0.0146853277546128	FALSE	12
"v444"	2	FALSE	444	0.122809695427511	1	2	2	0.0614048477137557	FALSE	12
"v445"	2	FALSE	445	0.094587731647648	0.916666666666667	1.16666666666667	12	0.00788231097063734	TRUE	12
"v446"	2	FALSE	446	0.0894304110970565	0.888888888888889	1	9	0.00993671234411739	FALSE	12
"v447"	2	FALSE	447	0.160108677694536	1	1	1	0.160108677694536	FALSE	12
"v448"	2	FALSE	448	0.116518714871853	1	2	1	0.116518714871853	FALSE	12
"v449"	2	FALSE	449	0.0859346037824611	1	1	1	0.0859346037824611	FALSE	12
"v450"	2	FALSE	450	0.160108677694536	1	1	1	0.160108677694536	FALSE	12
"v451"	2	FALSE	451	0.082639465486848	1	1	1	0.082639465486848	FALSE	12
"v452"	2	FALSE	452	0.091317132062782	0.5	1	2	0.045658566031391	FALSE	12
"v453"	2	FALSE	453	0.0954878601382822	1	1	1	0.0954878601382822	FALSE	12
"v454"	2	FALSE	454	0.121374071590692	1	1	2	0.060687035795346	FALSE	12
"v455"	2	FALSE	455	0.138556949888834	1	3	1	0.138556949888834	FALSE	11
"v456"	2	FALSE	456	0.160108677694536	1	1	1	0.160108677694536	FALSE	12
"v457"	2	FALSE	457	0.121813005611551	0.5	2	2	0.0609065028057755	FALSE	11
"v458"	2	FALSE	458	0.121813005611551	0.5	2	2	0.0609065028057755	FALSE	11
"v459"	2	FALSE	459	0.151348244029069	0	1	1	0.151348244029069	FALSE	11
"v460"	2	FALSE	460	0.129765028568456	0	1.5	2	0.064882514284228	FALSE	11
"v461"	2	FALSE	461	0.138556949888834	1	3	1	0.138556949888834	FALSE	11
"v462"	2	FALSE	462	0.151348244029069	0	1	1	0.151348244029069	FALSE	11
"v463"	2	FALSE	463	0.105069061334268	0	1	1	0.105069061334268	FALSE	11
"v464"	2	FALSE	464	0.129765028568456	0	1.5	2	0.064882514284228	FALSE	11
"v465"	2	FALSE	465	0.151348244029069	0	1	1	0.151348244029069	FALSE	11
"v466"	2	FALSE	466	0.126677745849256	0	1	1	0.126677745849256	FALSE	11
"v467"	2	FALSE	467	0.132852311287656	0	2	1	0.132852311287656	FALSE	11
"v468"	2	FALSE	468	0.126677745849256	0	1	1	0.126677745849256	FALSE	11
