"from"	"to"
1	1
1	3
1	4
1	10
1	15
1	18
1	32
1	37
1	96
1	98
1	99
1	104
1	109
1	119
1	123
1	166
1	168
1	169
1	214
1	215
1	216
2	2
2	97
2	167
3	3
3	4
3	6
3	10
3	11
3	12
3	13
3	15
3	18
3	19
3	22
3	26
3	32
3	37
3	40
3	43
3	45
3	50
3	96
3	98
3	99
3	104
3	105
3	106
3	107
3	109
3	114
3	119
3	123
3	126
3	130
3	166
3	168
3	169
3	175
3	186
3	214
3	215
3	216
4	4
4	5
4	6
4	7
4	10
4	11
4	12
4	13
4	15
4	16
4	18
4	19
4	22
4	23
4	24
4	26
4	29
4	30
4	31
4	32
4	33
4	36
4	37
4	40
4	41
4	43
4	44
4	45
4	47
4	50
4	52
4	58
4	59
4	63
4	64
4	65
4	67
4	71
4	76
4	78
4	96
4	98
4	99
4	100
4	104
4	105
4	106
4	107
4	109
4	110
4	113
4	114
4	117
4	118
4	119
4	120
4	122
4	123
4	124
4	126
4	127
4	130
4	132
4	136
4	139
4	140
4	142
4	145
4	148
4	151
4	166
4	168
4	169
4	170
4	171
4	175
4	179
4	180
4	182
4	183
4	186
4	187
4	192
4	193
4	196
4	197
4	200
4	214
4	215
4	216
5	5
5	44
6	6
6	45
7	7
7	47
7	99
7	100
7	127
7	169
7	171
7	187
8	8
8	48
8	78
8	102
8	129
8	151
8	173
8	189
8	200
9	9
9	49
9	78
10	10
10	96
10	98
10	99
10	104
11	11
11	50
11	98
11	99
11	105
11	130
12	12
12	98
12	99
12	106
13	13
13	98
13	99
13	107
13	168
13	169
13	175
14	14
14	51
14	78
14	108
14	131
14	151
15	15
15	96
15	98
15	99
15	109
16	16
16	52
16	78
16	99
16	110
16	132
16	151
17	17
17	54
17	78
17	111
17	133
17	151
17	176
17	190
17	200
18	18
19	19
20	20
20	55
20	78
21	21
21	56
21	78
21	112
21	134
21	151
22	22
23	23
23	58
24	24
24	59
24	99
24	113
24	136
25	25
25	60
25	78
25	79
26	26
26	98
26	99
26	114
27	27
27	61
27	78
27	116
27	138
27	151
28	28
28	62
28	78
28	79
29	29
29	63
29	99
29	117
29	139
29	170
29	179
29	192
30	30
30	64
31	31
31	65
31	78
31	99
31	118
31	140
31	151
31	169
31	180
31	193
31	200
32	32
32	96
32	98
32	99
32	119
33	33
33	67
33	99
33	120
33	142
33	169
33	182
33	196
34	34
34	68
34	78
35	35
35	70
35	78
35	121
35	144
35	151
36	36
36	71
36	78
36	99
36	122
36	145
36	151
36	169
36	183
36	197
36	200
37	37
37	96
37	98
37	99
37	123
38	38
38	74
38	78
39	39
39	75
39	78
40	40
41	41
41	76
41	99
41	124
41	148
42	42
42	77
42	78
42	125
42	149
42	151
42	185
42	199
42	200
43	43
43	98
43	99
43	126
43	168
43	169
43	186
44	44
45	45
46	46
46	78
46	79
47	47
47	99
47	100
47	127
47	169
47	171
47	187
48	48
48	78
48	102
48	129
48	151
48	173
48	189
48	200
49	49
49	78
50	50
50	98
50	99
50	105
50	130
51	51
51	78
51	108
51	131
51	151
52	52
52	78
52	99
52	110
52	132
52	151
53	53
53	78
53	79
54	54
54	78
54	111
54	133
54	151
54	176
54	190
54	200
55	55
55	78
56	56
56	78
56	112
56	134
56	151
57	57
57	78
57	79
57	80
57	135
57	151
57	153
57	154
58	58
59	59
59	99
59	113
59	136
60	60
60	78
60	79
61	61
61	78
61	116
61	138
61	151
62	62
62	78
62	79
63	63
63	99
63	117
63	139
63	170
63	179
63	192
64	64
65	65
65	78
65	99
65	118
65	140
65	151
65	169
65	180
65	193
65	200
66	66
66	78
66	79
66	141
66	151
66	153
66	195
66	200
66	201
66	221
66	226
66	227
67	67
67	99
67	120
67	142
67	169
67	182
67	196
68	68
68	78
69	69
69	78
69	79
69	80
69	143
69	151
69	153
69	154
70	70
70	78
70	121
70	144
70	151
71	71
71	78
71	99
71	122
71	145
71	151
71	169
71	183
71	197
71	200
72	72
72	78
72	79
72	146
72	151
72	153
73	73
73	78
73	79
73	147
73	151
73	153
74	74
74	78
75	75
75	78
76	76
76	99
76	124
76	148
77	77
77	78
77	125
77	149
77	151
77	185
77	199
77	200
78	78
78	79
78	80
78	81
78	99
78	102
78	108
78	110
78	111
78	112
78	116
78	118
78	121
78	122
78	125
78	129
78	131
78	132
78	133
78	134
78	135
78	138
78	140
78	141
78	143
78	144
78	145
78	146
78	147
78	149
78	151
78	153
78	154
78	155
78	169
78	173
78	176
78	180
78	183
78	185
78	189
78	190
78	193
78	195
78	197
78	199
78	200
78	201
78	202
78	203
78	221
78	224
78	226
78	227
78	228
78	230
79	79
79	80
79	81
79	82
79	135
79	141
79	143
79	146
79	147
79	151
79	153
79	154
79	155
79	195
79	200
79	201
79	202
79	203
79	221
79	224
79	226
79	227
79	228
79	230
80	80
80	81
80	82
80	83
80	135
80	143
80	151
80	153
80	154
80	155
80	156
80	157
80	200
80	201
80	202
80	203
80	204
80	224
80	227
80	228
80	230
81	81
81	82
81	83
81	151
81	153
81	154
81	155
81	156
81	157
81	200
81	201
81	202
81	203
81	204
81	206
81	224
81	227
81	228
81	230
82	82
82	83
82	85
82	86
82	88
82	89
82	154
82	155
82	156
82	157
82	159
82	160
82	161
82	202
82	203
82	204
82	206
82	208
82	209
83	83
83	86
83	89
83	154
83	155
83	156
83	157
83	160
83	161
83	203
83	204
83	206
83	208
83	209
84	84
84	87
84	90
85	85
85	88
85	156
85	159
85	160
85	204
85	206
85	208
86	86
86	89
86	92
86	156
86	157
86	160
86	161
86	163
86	204
86	206
86	208
86	209
86	211
87	87
87	90
88	88
88	156
88	159
88	160
88	204
88	206
88	208
89	89
89	92
89	156
89	157
89	160
89	161
89	163
89	204
89	206
89	208
89	209
89	211
90	90
91	91
91	94
91	95
91	162
91	164
91	165
91	210
91	212
91	213
92	92
92	95
92	160
92	161
92	163
92	165
92	208
92	209
92	211
92	213
93	93
93	95
93	163
93	165
93	211
93	213
93	237
93	238
94	94
94	95
94	162
94	164
94	165
94	210
94	212
94	213
95	95
95	162
95	163
95	164
95	165
95	210
95	211
95	212
95	213
95	237
95	238
96	96
96	98
96	99
96	104
96	109
96	119
96	123
96	166
96	168
96	169
96	214
96	215
96	216
96	239
96	240
96	241
97	97
97	167
98	98
98	99
98	103
98	104
98	105
98	106
98	107
98	109
98	114
98	119
98	123
98	126
98	130
98	166
98	168
98	169
98	174
98	175
98	186
98	214
98	215
98	216
98	218
98	239
98	240
98	241
98	244
99	99
99	100
99	103
99	104
99	105
99	106
99	107
99	109
99	110
99	113
99	114
99	117
99	118
99	119
99	120
99	122
99	123
99	124
99	126
99	127
99	130
99	132
99	136
99	139
99	140
99	142
99	145
99	148
99	151
99	166
99	168
99	169
99	170
99	171
99	174
99	175
99	179
99	180
99	182
99	183
99	186
99	187
99	192
99	193
99	196
99	197
99	200
99	214
99	215
99	216
99	218
99	239
99	240
99	241
99	244
100	100
100	127
100	169
100	171
100	187
101	101
101	128
101	150
101	152
101	172
101	188
101	200
101	201
101	217
101	219
101	222
101	227
102	102
102	129
102	151
102	173
102	189
102	200
103	103
103	168
103	169
103	174
103	215
103	216
103	218
103	240
103	241
103	244
104	104
105	105
105	130
106	106
107	107
107	168
107	169
107	175
108	108
108	131
108	151
109	109
110	110
110	132
110	151
111	111
111	133
111	151
111	176
111	190
111	200
112	112
112	134
112	151
113	113
113	136
114	114
115	115
115	137
115	151
115	178
115	191
115	200
115	218
115	220
115	224
115	244
115	246
115	248
116	116
116	138
116	151
117	117
117	139
117	170
117	179
117	192
118	118
118	140
118	151
118	169
118	180
118	193
118	200
119	119
120	120
120	142
120	169
120	182
120	196
121	121
121	144
121	151
122	122
122	145
122	151
122	169
122	183
122	197
122	200
123	123
124	124
124	148
125	125
125	149
125	151
125	185
125	199
125	200
126	126
126	168
126	169
126	186
127	127
127	169
127	171
127	187
128	128
128	150
128	152
128	172
128	188
128	200
128	201
128	217
128	219
128	222
128	227
129	129
129	151
129	173
129	189
129	200
130	130
131	131
131	151
132	132
132	151
133	133
133	151
133	176
133	190
133	200
134	134
134	151
135	135
135	151
135	153
135	154
136	136
137	137
137	151
137	178
137	191
137	200
137	218
137	220
137	224
137	244
137	246
137	248
138	138
138	151
139	139
139	170
139	179
139	192
140	140
140	151
140	169
140	180
140	193
140	200
141	141
141	151
141	153
141	195
141	200
141	201
141	221
141	226
141	227
142	142
142	169
142	182
142	196
143	143
143	151
143	153
143	154
144	144
144	151
145	145
145	151
145	169
145	183
145	197
145	200
146	146
146	151
146	153
147	147
147	151
147	153
148	148
149	149
149	151
149	185
149	199
149	200
150	150
150	152
150	172
150	188
150	200
150	201
150	217
150	219
150	222
150	227
151	151
151	153
151	154
151	155
151	169
151	173
151	176
151	178
151	180
151	183
151	185
151	189
151	190
151	191
151	193
151	195
151	197
151	199
151	200
151	201
151	202
151	203
151	218
151	220
151	221
151	224
151	226
151	227
151	228
151	230
151	244
151	246
151	248
152	152
152	172
152	188
152	200
152	201
152	217
152	219
152	222
152	227
153	153
153	154
153	155
153	195
153	200
153	201
153	202
153	203
153	221
153	224
153	226
153	227
153	228
153	230
153	251
153	253
153	254
154	154
154	155
154	156
154	157
154	200
154	201
154	202
154	203
154	204
154	224
154	227
154	228
154	230
154	231
154	251
154	253
154	254
154	258
155	155
155	156
155	157
155	200
155	201
155	202
155	203
155	204
155	206
155	224
155	227
155	228
155	230
155	231
155	233
155	251
155	253
155	254
155	258
156	156
156	157
156	158
156	159
156	160
156	161
156	202
156	203
156	204
156	206
156	208
156	209
156	228
156	230
156	231
156	233
156	235
156	253
156	254
156	258
157	157
157	160
157	161
157	203
157	204
157	206
157	208
157	209
157	230
157	231
157	233
157	235
158	158
158	160
158	204
158	206
158	208
158	231
158	233
158	235
159	159
159	160
159	204
159	206
159	208
160	160
160	161
160	163
160	165
160	204
160	206
160	208
160	209
160	211
160	213
160	231
160	233
160	235
160	236
160	237
160	238
160	262
160	263
160	264
160	265
161	161
161	163
161	165
161	204
161	206
161	208
161	209
161	211
161	213
161	235
161	236
161	237
161	238
161	262
161	263
161	264
161	265
162	162
162	164
162	165
162	210
162	212
162	213
163	163
163	165
163	208
163	209
163	211
163	213
163	235
163	236
163	237
163	238
163	262
163	263
163	264
163	265
164	164
164	165
164	210
164	212
164	213
165	165
165	208
165	209
165	210
165	211
165	212
165	213
165	235
165	236
165	237
165	238
165	262
165	263
165	264
165	265
166	166
166	168
166	169
166	177
166	214
166	215
166	216
166	218
166	239
166	240
166	241
166	242
166	244
166	266
166	267
166	269
166	270
167	167
168	168
168	169
168	174
168	175
168	177
168	186
168	214
168	215
168	216
168	218
168	239
168	240
168	241
168	242
168	244
168	266
168	267
168	269
168	270
169	169
169	171
169	174
169	175
169	177
169	180
169	181
169	182
169	183
169	184
169	186
169	187
169	193
169	194
169	196
169	197
169	198
169	200
169	214
169	215
169	216
169	218
169	220
169	239
169	240
169	241
169	242
169	244
169	246
169	266
169	267
169	269
169	270
169	271
170	170
170	179
170	192
171	171
171	187
172	172
172	188
172	200
172	201
172	217
172	219
172	222
172	227
173	173
173	189
173	200
174	174
174	215
174	216
174	218
174	240
174	241
174	244
175	175
176	176
176	190
176	200
177	177
177	214
177	215
177	216
177	218
177	239
177	240
177	241
177	244
177	266
177	267
177	269
177	270
178	178
178	191
178	200
178	218
178	220
178	224
178	244
178	246
178	248
179	179
179	192
180	180
180	193
180	200
181	181
181	194
181	216
181	218
181	220
181	241
181	244
181	246
182	182
182	196
183	183
183	197
183	200
184	184
184	198
184	216
184	218
184	220
184	241
184	244
184	246
184	269
184	270
184	271
185	185
185	199
185	200
186	186
187	187
188	188
188	200
188	201
188	217
188	219
188	222
188	227
189	189
189	200
190	190
190	200
191	191
191	200
191	218
191	220
191	224
191	244
191	246
191	248
192	192
193	193
193	200
194	194
194	216
194	218
194	220
194	241
194	244
194	246
195	195
195	200
195	201
195	221
195	226
195	227
196	196
197	197
197	200
198	198
198	216
198	218
198	220
198	241
198	244
198	246
198	269
198	270
198	271
199	199
199	200
200	200
200	201
200	202
200	203
200	217
200	218
200	219
200	220
200	221
200	222
200	223
200	224
200	226
200	227
200	228
200	230
200	244
200	246
200	248
200	249
200	251
200	253
200	254
200	277
200	279
200	280
201	201
201	202
201	203
201	217
201	219
201	221
201	222
201	223
201	224
201	226
201	227
201	228
201	230
201	248
201	249
201	251
201	253
201	254
201	277
201	279
201	280
201	282
201	286
202	202
202	203
202	204
202	223
202	224
202	227
202	228
202	230
202	231
202	248
202	249
202	251
202	253
202	254
202	255
202	258
202	277
202	279
202	280
202	282
202	283
202	286
202	287
203	203
203	204
203	205
203	206
203	207
203	208
203	223
203	224
203	227
203	228
203	230
203	231
203	232
203	233
203	234
203	235
203	249
203	251
203	253
203	254
203	255
203	257
203	258
203	259
203	261
203	262
203	279
203	280
203	282
203	283
203	284
203	286
203	287
203	288
203	289
203	290
203	291
204	204
204	206
204	208
204	209
204	228
204	230
204	231
204	233
204	235
204	253
204	254
204	255
204	258
204	259
204	262
204	280
204	283
204	287
204	289
204	291
205	205
205	207
205	230
205	232
205	234
205	254
205	257
205	261
205	284
205	288
205	290
206	206
206	208
206	209
206	211
206	230
206	231
206	233
206	235
206	236
206	237
206	254
206	255
206	259
206	262
206	263
206	264
206	283
206	287
206	289
206	291
207	207
207	230
207	232
207	234
207	254
207	257
207	261
207	284
207	288
207	290
208	208
208	209
208	211
208	213
208	230
208	231
208	233
208	235
208	236
208	237
208	238
208	254
208	255
208	259
208	262
208	263
208	264
208	265
208	283
208	287
208	289
208	291
208	292
208	293
208	295
209	209
209	211
209	213
209	233
209	235
209	236
209	237
209	238
209	259
209	262
209	263
209	264
209	265
209	291
209	292
209	293
209	295
210	210
210	212
210	213
211	211
211	213
211	233
211	235
211	236
211	237
211	238
211	259
211	262
211	263
211	264
211	265
211	291
211	292
211	293
211	295
212	212
212	213
213	213
213	235
213	236
213	237
213	238
213	262
213	263
213	264
213	265
213	291
213	292
213	293
213	295
214	214
214	215
214	216
214	218
214	239
214	240
214	241
214	242
214	244
214	266
214	267
214	269
214	270
214	297
214	299
215	215
215	216
215	218
215	220
215	239
215	240
215	241
215	242
215	244
215	246
215	266
215	267
215	269
215	270
215	271
215	297
215	299
216	216
216	218
216	220
216	239
216	240
216	241
216	242
216	244
216	246
216	266
216	267
216	269
216	270
216	271
217	217
217	219
217	222
217	227
218	218
218	220
218	224
218	239
218	240
218	241
218	244
218	246
218	248
218	266
218	267
218	269
218	270
218	271
219	219
219	222
219	227
220	220
220	224
220	240
220	241
220	244
220	246
220	248
220	267
220	269
220	270
220	271
221	221
221	226
221	227
222	222
222	227
223	223
223	227
223	228
223	230
223	249
223	251
223	253
223	254
224	224
224	227
224	228
224	230
224	244
224	246
224	248
224	251
224	253
224	277
224	279
224	280
225	225
225	227
225	229
225	230
225	250
225	252
225	253
225	254
225	276
225	279
225	281
225	285
226	226
226	227
227	227
227	228
227	229
227	230
227	248
227	249
227	250
227	251
227	252
227	253
227	254
227	276
227	277
227	279
227	280
227	281
227	282
227	285
227	286
228	228
228	230
228	231
228	233
228	248
228	249
228	251
228	253
228	254
228	255
228	258
228	259
228	277
228	279
228	280
228	282
228	283
228	286
228	287
228	289
229	229
229	230
229	250
229	252
229	253
229	254
229	276
229	279
229	281
229	285
230	230
230	231
230	232
230	233
230	234
230	235
230	249
230	250
230	251
230	252
230	253
230	254
230	255
230	257
230	258
230	259
230	261
230	262
230	276
230	279
230	280
230	281
230	282
230	283
230	284
230	285
230	286
230	287
230	288
230	289
230	290
230	291
230	313
230	315
230	317
230	319
231	231
231	233
231	235
231	253
231	254
231	255
231	258
231	259
231	262
231	280
231	283
231	287
231	289
231	291
231	313
231	315
231	317
231	319
232	232
232	234
232	254
232	257
232	261
232	284
232	288
232	290
233	233
233	235
233	236
233	237
233	253
233	254
233	255
233	259
233	262
233	263
233	264
233	280
233	283
233	287
233	289
233	291
233	313
233	315
233	317
233	319
234	234
234	254
234	257
234	261
234	284
234	288
234	290
235	235
235	236
235	237
235	238
235	254
235	255
235	259
235	262
235	263
235	264
235	265
235	283
235	287
235	289
235	291
235	292
235	293
235	295
235	313
235	315
235	317
235	319
236	236
236	237
236	238
236	259
236	262
236	263
236	264
236	265
236	291
236	292
236	293
236	295
236	326
236	327
236	328
237	237
237	238
237	259
237	262
237	263
237	264
237	265
237	291
237	292
237	293
237	295
237	326
237	327
237	328
238	238
238	262
238	263
238	264
238	265
238	291
238	292
238	293
238	295
238	296
238	326
238	327
238	328
239	239
239	240
239	241
239	242
239	244
239	266
239	267
239	269
239	270
239	297
239	299
239	301
239	331
239	334
239	336
240	240
240	241
240	242
240	243
240	244
240	245
240	246
240	247
240	266
240	267
240	268
240	269
240	270
240	271
240	297
240	299
240	300
240	301
240	302
240	303
240	331
240	334
240	336
241	241
241	244
241	246
241	266
241	267
241	269
241	270
241	271
241	297
241	299
241	301
241	302
241	303
241	331
241	334
241	336
241	337
241	342
242	242
243	243
243	245
243	247
243	268
243	269
243	270
243	271
243	300
243	301
243	302
243	303
244	244
244	246
244	248
244	266
244	267
244	269
244	270
244	271
244	301
244	302
244	303
244	336
244	337
244	342
245	245
245	247
245	268
245	269
245	270
245	271
245	300
245	301
245	302
245	303
246	246
246	248
246	251
246	253
246	267
246	269
246	270
246	271
246	274
246	275
246	279
246	280
246	301
246	302
246	303
246	305
246	306
246	308
246	310
246	336
246	337
246	342
246	345
246	348
247	247
247	268
247	269
247	270
247	271
247	300
247	301
247	302
247	303
248	248
248	251
248	253
248	271
248	273
248	274
248	275
248	277
248	278
248	279
248	280
248	303
248	305
248	306
248	308
248	310
248	342
248	345
248	348
249	249
249	251
249	253
249	254
250	250
250	252
250	253
250	254
250	276
250	279
250	281
250	285
251	251
251	253
251	254
251	271
251	273
251	274
251	275
251	277
251	278
251	279
251	280
251	282
251	283
251	286
251	303
251	305
251	306
251	308
251	310
251	313
251	342
251	345
251	348
252	252
252	253
252	254
252	276
252	279
252	281
252	285
253	253
253	254
253	255
253	258
253	259
253	271
253	273
253	274
253	276
253	277
253	278
253	279
253	280
253	281
253	282
253	283
253	285
253	286
253	287
253	289
253	303
253	305
253	308
253	310
253	313
254	254
254	255
254	256
254	257
254	258
254	259
254	260
254	261
254	262
254	276
254	279
254	280
254	281
254	282
254	283
254	284
254	285
254	286
254	287
254	288
254	289
254	290
254	291
254	308
254	310
254	313
254	315
254	317
254	319
254	320
255	255
255	259
255	262
255	263
255	280
255	283
255	287
255	289
255	291
255	292
255	313
255	315
255	317
255	319
255	326
255	355
255	357
255	359
255	360
256	256
256	260
256	262
256	283
256	287
256	289
256	291
256	313
256	315
256	317
256	320
257	257
257	261
257	284
257	288
257	290
258	258
259	259
259	262
259	263
259	264
259	280
259	283
259	287
259	289
259	291
259	292
259	293
259	313
259	315
259	317
259	319
259	326
259	327
259	355
259	357
259	359
259	360
259	361
260	260
260	262
260	283
260	287
260	289
260	291
260	313
260	315
260	317
260	320
261	261
261	284
261	288
261	290
262	262
262	263
262	264
262	265
262	283
262	287
262	289
262	291
262	292
262	293
262	294
262	295
262	313
262	315
262	317
262	319
262	320
262	324
262	326
262	327
262	328
262	355
262	357
262	359
262	360
262	361
263	263
263	264
263	265
263	287
263	289
263	291
263	292
263	293
263	294
263	295
263	315
263	317
263	319
263	324
263	326
263	327
263	328
263	355
263	357
263	359
263	360
263	361
263	362
264	264
264	265
264	289
264	291
264	292
264	293
264	294
264	295
264	317
264	319
264	324
264	326
264	327
264	328
264	357
264	359
264	360
264	361
264	362
265	265
265	291
265	292
265	293
265	295
265	296
265	319
265	326
265	327
265	328
265	360
265	361
265	362
266	266
266	267
266	269
266	270
266	297
266	299
266	301
266	331
266	334
266	336
266	364
266	365
266	370
267	267
267	269
267	270
267	271
267	297
267	299
267	301
267	302
267	303
267	331
267	334
267	336
267	337
267	340
267	342
267	364
267	365
267	370
268	268
268	269
268	270
268	271
268	300
268	301
268	302
268	303
269	269
269	270
269	271
269	297
269	299
269	300
269	301
269	302
269	303
269	331
269	334
269	336
269	337
269	338
269	339
269	340
269	342
269	364
269	365
269	370
269	373
269	377
270	270
270	271
270	299
270	300
270	301
270	302
270	303
270	334
270	336
270	337
270	338
270	339
270	340
270	342
270	370
270	373
270	377
271	271
271	272
271	274
271	275
271	279
271	280
271	299
271	300
271	301
271	302
271	303
271	304
271	305
271	306
271	308
271	310
271	334
271	336
271	337
271	338
271	339
271	342
271	343
271	345
271	348
271	350
271	370
271	373
271	377
271	379
271	381
271	382
272	272
272	279
272	303
272	304
272	308
272	342
272	343
272	348
272	377
272	379
272	381
273	273
273	279
273	280
273	305
273	308
273	310
274	274
274	279
274	280
274	303
274	305
274	308
274	310
274	342
274	345
274	348
274	350
274	377
274	379
274	381
274	382
275	275
275	279
275	303
275	306
275	308
276	276
276	279
276	281
276	285
277	277
277	279
277	280
278	278
278	279
278	280
278	305
278	308
278	310
279	279
279	280
279	281
279	282
279	283
279	285
279	286
279	303
279	304
279	305
279	306
279	308
279	310
279	313
279	342
279	343
279	345
279	348
279	350
279	353
279	377
279	379
279	381
279	382
280	280
280	283
280	287
280	289
280	303
280	305
280	308
280	310
280	313
280	315
280	317
280	342
280	345
280	348
280	350
280	353
280	355
280	357
280	377
280	379
280	381
280	382
280	386
280	387
280	389
281	281
281	285
282	282
282	286
283	283
283	287
283	289
283	291
283	308
283	310
283	313
283	315
283	317
283	319
283	320
283	348
283	350
283	353
283	355
283	357
283	382
283	386
283	387
283	389
284	284
284	288
284	290
285	285
286	286
287	287
287	289
287	291
287	292
287	310
287	313
287	315
287	317
287	319
287	320
287	325
287	326
287	350
287	353
287	355
287	357
287	359
287	360
287	382
287	386
287	387
287	389
287	391
287	392
288	288
288	290
289	289
289	291
289	292
289	293
289	310
289	313
289	315
289	317
289	319
289	320
289	325
289	326
289	327
289	350
289	353
289	355
289	357
289	359
289	360
289	361
289	382
289	386
289	387
289	389
289	391
289	392
290	290
291	291
291	292
291	293
291	294
291	295
291	313
291	315
291	317
291	319
291	320
291	324
291	325
291	326
291	327
291	328
291	355
291	357
291	359
291	360
291	361
291	362
291	387
291	389
291	391
291	392
291	394
291	396
292	292
292	293
292	294
292	295
292	315
292	317
292	319
292	324
292	325
292	326
292	327
292	328
292	355
292	357
292	359
292	360
292	361
292	362
292	387
292	389
292	391
292	392
292	394
292	396
293	293
293	295
293	317
293	319
293	326
293	327
293	328
293	357
293	359
293	360
293	361
293	362
293	391
293	392
293	394
293	396
294	294
294	324
294	326
294	327
294	359
294	360
294	361
295	295
295	319
295	326
295	327
295	328
295	359
295	360
295	361
295	362
295	391
295	392
295	394
295	396
296	296
297	297
297	299
297	301
297	331
297	334
297	336
297	364
297	365
297	370
298	298
298	299
298	301
298	333
298	334
298	336
298	364
298	368
298	370
299	299
299	301
299	302
299	303
299	331
299	333
299	334
299	336
299	337
299	340
299	342
299	364
299	365
299	368
299	370
300	300
300	301
300	302
300	303
301	301
301	302
301	303
301	331
301	333
301	334
301	336
301	337
301	338
301	339
301	340
301	342
301	364
301	365
301	368
301	370
301	373
301	377
302	302
302	303
302	334
302	336
302	337
302	338
302	339
302	340
302	342
302	370
302	373
302	377
303	303
303	304
303	305
303	306
303	307
303	308
303	309
303	310
303	311
303	334
303	336
303	337
303	338
303	339
303	342
303	343
303	345
303	347
303	348
303	349
303	350
303	351
303	370
303	373
303	377
303	378
303	379
303	380
303	381
303	382
303	383
304	304
304	308
304	342
304	343
304	348
304	377
304	379
304	381
305	305
305	308
305	310
305	342
305	345
305	348
305	350
305	377
305	379
305	381
305	382
305	420
305	422
305	424
306	306
306	308
307	307
307	309
307	311
307	342
307	347
307	349
307	351
307	378
307	380
307	381
307	383
308	308
308	310
308	313
308	315
308	342
308	343
308	345
308	348
308	350
308	353
308	355
308	377
308	379
308	381
308	382
308	386
308	387
308	420
308	422
308	424
309	309
309	311
309	342
309	347
309	349
309	351
309	378
309	380
309	381
309	383
310	310
310	313
310	315
310	317
310	342
310	345
310	348
310	350
310	353
310	355
310	357
310	377
310	379
310	381
310	382
310	386
310	387
310	389
310	420
310	422
310	424
311	311
311	342
311	347
311	349
311	351
311	378
311	380
311	381
311	383
312	312
312	314
312	316
312	318
312	352
312	354
312	356
312	358
312	384
312	386
312	388
312	390
312	425
312	427
312	430
312	432
313	313
313	315
313	317
313	319
313	320
313	348
313	350
313	353
313	355
313	357
313	359
313	381
313	382
313	386
313	387
313	389
313	391
313	426
313	429
313	431
313	433
314	314
314	316
314	318
314	352
314	354
314	356
314	358
314	384
314	386
314	388
314	390
314	425
314	427
314	430
314	432
315	315
315	317
315	319
315	320
315	322
315	325
315	326
315	348
315	350
315	353
315	355
315	357
315	359
315	360
315	381
315	382
315	386
315	387
315	389
315	391
315	392
315	426
315	429
315	431
315	433
315	435
316	316
316	318
316	352
316	354
316	356
316	358
316	384
316	386
316	388
316	390
316	425
316	427
316	430
316	432
317	317
317	319
317	320
317	322
317	323
317	325
317	326
317	327
317	350
317	353
317	355
317	357
317	359
317	360
317	361
317	382
317	386
317	387
317	389
317	391
317	392
317	394
317	426
317	429
317	431
317	433
317	435
317	436
318	318
318	352
318	354
318	356
318	358
318	384
318	386
318	388
318	390
318	425
318	427
318	430
318	432
319	319
319	326
319	327
319	328
319	353
319	355
319	357
319	359
319	360
319	361
319	362
319	386
319	387
319	389
319	391
319	392
319	394
319	396
319	426
319	429
319	431
319	433
319	435
319	436
320	320
321	321
321	326
321	327
321	359
321	360
321	361
321	391
321	392
321	394
321	433
321	435
321	436
322	322
322	355
322	357
322	359
322	387
322	389
322	391
323	323
323	326
323	357
323	359
323	360
323	389
323	391
323	392
324	324
324	326
324	327
324	359
324	360
324	361
325	325
325	326
325	355
325	357
325	359
325	360
325	387
325	389
325	391
325	392
326	326
326	327
326	328
326	355
326	357
326	359
326	360
326	361
326	362
326	387
326	389
326	391
326	392
326	394
326	396
326	429
326	431
326	433
326	435
326	436
326	439
327	327
327	328
327	357
327	359
327	360
327	361
327	362
327	389
327	391
327	392
327	394
327	396
327	431
327	433
327	435
327	436
327	439
328	328
328	359
328	360
328	361
328	362
328	391
328	392
328	394
328	396
328	435
328	436
328	439
329	329
329	363
329	397
330	330
330	335
330	336
330	364
330	366
330	371
330	399
330	401
330	406
331	331
331	334
331	336
331	364
331	365
331	370
331	399
331	400
331	406
332	332
332	364
332	399
332	442
333	333
333	334
333	336
333	364
333	368
333	370
334	334
334	336
334	337
334	340
334	342
334	364
334	365
334	368
334	370
334	373
334	399
334	400
334	406
334	409
334	443
334	444
334	445
335	335
335	336
335	364
335	366
335	371
335	399
335	401
335	406
336	336
336	337
336	338
336	339
336	340
336	341
336	342
336	364
336	365
336	366
336	368
336	370
336	371
336	373
336	376
336	377
336	399
336	400
336	401
336	406
336	409
336	417
336	418
336	443
336	444
336	445
336	446
337	337
337	342
337	345
337	348
337	365
337	370
337	372
337	373
337	377
337	379
337	381
337	400
337	406
337	409
337	418
337	420
337	422
337	443
337	444
337	445
338	338
338	342
339	339
339	342
340	340
341	341
341	342
341	370
341	376
341	377
341	406
341	417
341	418
341	444
341	445
341	446
342	342
342	343
342	344
342	345
342	346
342	347
342	348
342	349
342	350
342	351
342	370
342	372
342	373
342	376
342	377
342	378
342	379
342	380
342	381
342	382
342	383
342	406
342	409
342	417
342	418
342	420
342	422
342	444
342	445
342	446
342	448
342	451
343	343
343	348
343	377
343	379
343	381
344	344
344	348
344	377
344	379
344	381
344	418
344	420
344	422
345	345
345	348
345	350
345	372
345	377
345	379
345	381
345	382
345	409
345	418
345	420
345	422
345	424
346	346
346	348
346	377
346	379
346	381
346	418
346	420
346	422
346	446
346	448
346	451
347	347
347	349
347	351
347	378
347	380
347	381
347	383
348	348
348	350
348	353
348	355
348	372
348	377
348	379
348	381
348	382
348	386
348	387
348	409
348	418
348	420
348	422
348	424
348	426
348	429
348	446
348	448
348	451
348	454
348	456
348	458
349	349
349	351
349	378
349	380
349	381
349	383
350	350
350	353
350	355
350	357
350	377
350	379
350	381
350	382
350	386
350	387
350	389
350	420
350	422
350	424
350	426
350	429
350	431
350	451
350	454
350	456
350	458
350	459
351	351
351	378
351	380
351	381
351	383
352	352
352	354
352	356
352	358
352	384
352	386
352	388
352	390
352	425
352	427
352	430
352	432
353	353
353	355
353	357
353	359
353	381
353	382
353	386
353	387
353	389
353	391
353	422
353	424
353	426
353	429
353	431
353	433
353	451
353	454
353	456
353	458
353	459
353	460
354	354
354	356
354	358
354	384
354	386
354	388
354	390
354	425
354	427
354	430
354	432
355	355
355	357
355	359
355	360
355	381
355	382
355	386
355	387
355	389
355	391
355	392
355	422
355	424
355	426
355	429
355	431
355	433
355	435
355	451
355	454
355	456
355	458
355	459
355	460
355	462
356	356
356	358
356	384
356	386
356	388
356	390
356	425
356	427
356	430
356	432
357	357
357	359
357	360
357	361
357	382
357	386
357	387
357	389
357	391
357	392
357	394
357	424
357	426
357	429
357	431
357	433
357	435
357	436
357	454
357	456
357	458
357	459
357	460
357	462
358	358
358	384
358	386
358	388
358	390
358	425
358	427
358	430
358	432
359	359
359	360
359	361
359	362
359	386
359	387
359	389
359	391
359	392
359	394
359	396
359	426
359	429
359	431
359	433
359	435
359	436
359	439
359	456
359	458
359	459
359	460
359	462
359	463
359	466
360	360
360	361
360	362
360	387
360	389
360	391
360	392
360	394
360	396
360	429
360	431
360	433
360	435
360	436
360	439
360	458
360	459
360	460
360	462
360	463
360	466
361	361
361	362
361	389
361	391
361	392
361	394
361	396
361	431
361	433
361	435
361	436
361	439
361	460
361	462
361	463
361	466
362	362
362	391
362	392
362	394
362	396
362	433
362	435
362	436
362	439
362	460
362	462
362	463
362	466
363	363
363	397
364	364
364	365
364	366
364	367
364	368
364	369
364	370
364	371
364	399
364	400
364	401
364	402
364	405
364	406
364	442
364	443
364	444
365	365
365	370
365	373
365	399
365	400
365	406
365	409
365	442
365	443
365	444
365	445
366	366
366	371
366	399
366	401
366	406
367	367
367	399
367	402
367	442
367	443
368	368
368	370
369	369
369	370
369	399
369	405
369	406
369	442
369	443
369	444
370	370
370	373
370	374
370	375
370	376
370	377
370	379
370	399
370	400
370	405
370	406
370	409
370	412
370	415
370	417
370	418
370	420
370	442
370	443
370	444
370	445
370	446
370	448
370	472
370	474
370	475
371	371
371	399
371	401
371	406
372	372
372	377
372	379
372	381
372	409
372	418
372	420
372	422
373	373
373	377
373	400
373	406
373	409
373	443
373	444
373	445
374	374
374	377
374	379
374	406
374	412
374	418
374	420
374	444
374	445
374	446
374	448
375	375
375	377
375	406
375	415
375	418
375	444
375	445
375	446
375	472
375	474
375	475
376	376
376	377
376	406
376	417
376	418
376	444
376	445
376	446
377	377
377	379
377	381
377	382
377	406
377	409
377	412
377	415
377	417
377	418
377	420
377	422
377	424
377	444
377	445
377	446
377	448
377	451
377	454
377	472
377	474
377	475
378	378
378	380
378	381
378	383
379	379
379	381
379	382
379	406
379	409
379	412
379	418
379	420
379	422
379	424
379	444
379	445
379	446
379	448
379	451
379	454
380	380
380	381
380	383
381	381
381	382
381	383
381	385
381	386
381	387
381	409
381	418
381	420
381	422
381	423
381	424
381	426
381	428
381	429
381	446
381	448
381	451
381	453
381	454
381	455
381	456
381	457
381	458
381	477
381	479
381	480
381	481
381	482
381	483
382	382
382	386
382	387
382	389
382	418
382	420
382	422
382	424
382	426
382	429
382	431
382	446
382	448
382	451
382	454
382	456
382	458
382	459
382	477
382	479
382	481
382	483
383	383
384	384
384	386
384	388
384	390
384	425
384	427
384	430
384	432
385	385
385	386
385	423
385	424
385	428
385	453
385	455
385	457
385	477
385	480
385	482
386	386
386	387
386	388
386	389
386	390
386	391
386	422
386	423
386	424
386	425
386	426
386	427
386	428
386	429
386	430
386	431
386	432
386	433
386	451
386	453
386	454
386	455
386	456
386	457
386	458
386	459
386	460
386	477
386	479
386	480
386	481
386	482
386	483
386	484
387	387
387	389
387	391
387	392
387	422
387	424
387	426
387	429
387	431
387	433
387	435
387	451
387	454
387	456
387	458
387	459
387	460
387	462
387	477
387	479
387	481
387	483
387	484
387	486
388	388
388	390
388	425
388	427
388	430
388	432
389	389
389	391
389	392
389	394
389	424
389	426
389	429
389	431
389	433
389	435
389	436
389	454
389	456
389	458
389	459
389	460
389	462
389	463
389	481
389	483
389	484
389	486
389	488
389	493
390	390
390	425
390	427
390	430
390	432
391	391
391	392
391	394
391	396
391	426
391	429
391	431
391	433
391	435
391	436
391	439
391	456
391	458
391	459
391	460
391	462
391	463
391	466
391	483
391	484
391	486
391	488
391	493
392	392
392	394
392	396
392	429
392	431
392	433
392	435
392	436
392	439
392	458
392	459
392	460
392	462
392	463
392	466
392	484
392	486
392	488
392	493
393	393
393	395
393	398
393	435
393	438
393	441
393	462
393	465
393	469
394	394
394	396
394	431
394	433
394	435
394	436
394	439
394	459
394	460
394	462
394	463
394	466
394	484
394	486
394	488
394	493
395	395
395	398
395	435
395	438
395	441
395	462
395	465
395	469
396	396
396	433
396	435
396	436
396	439
396	460
396	462
396	463
396	466
397	397
398	398
398	435
398	438
398	441
398	462
398	465
398	469
399	399
399	400
399	401
399	402
399	403
399	404
399	405
399	406
399	407
399	408
399	442
399	443
399	444
399	445
399	470
399	471
399	472
399	473
399	474
399	500
399	501
399	502
400	400
400	406
400	408
400	409
400	410
400	411
400	442
400	443
400	444
400	445
400	470
400	471
400	472
400	474
401	401
401	406
402	402
402	442
402	443
403	403
403	406
403	442
403	443
403	444
403	470
403	471
403	472
404	404
404	407
404	442
404	443
404	444
404	470
404	471
404	473
404	500
404	501
404	502
405	405
405	406
405	442
405	443
405	444
406	406
406	408
406	409
406	410
406	411
406	412
406	413
406	415
406	417
406	418
406	419
406	420
406	421
406	442
406	443
406	444
406	445
406	446
406	448
406	449
406	470
406	471
406	472
406	474
406	475
406	476
406	502
406	503
406	504
406	505
407	407
407	442
407	443
407	444
407	470
407	471
407	473
407	500
407	501
407	502
408	408
408	442
408	443
408	444
408	445
408	470
408	471
408	472
408	474
409	409
409	418
409	420
409	422
409	443
409	444
409	445
409	446
409	448
409	472
409	474
409	475
409	476
409	502
409	503
409	504
409	505
410	410
410	443
410	444
410	445
410	471
410	472
410	474
411	411
411	443
411	444
411	445
411	471
411	472
411	474
412	412
412	418
412	420
412	444
412	445
412	446
412	448
413	413
413	419
413	421
413	444
413	445
413	446
413	449
413	472
413	474
413	475
413	476
413	502
413	503
413	504
413	505
414	414
414	418
414	420
414	445
414	446
414	448
414	474
414	475
414	476
415	415
415	418
415	444
415	445
415	446
415	472
415	474
415	475
416	416
416	418
416	420
416	422
416	445
416	446
416	448
416	451
416	474
416	475
416	476
416	477
417	417
417	418
417	444
417	445
417	446
418	418
418	420
418	422
418	424
418	444
418	445
418	446
418	448
418	451
418	454
418	472
418	474
418	475
418	476
418	477
418	479
418	502
418	503
418	504
418	505
419	419
419	421
419	444
419	445
419	446
419	449
419	472
419	474
419	475
419	476
419	502
419	503
419	504
419	505
420	420
420	422
420	424
420	426
420	444
420	445
420	446
420	448
420	451
420	454
420	456
420	472
420	474
420	475
420	476
420	477
420	479
420	481
420	502
420	503
420	504
420	505
420	507
420	510
420	511
421	421
421	444
421	445
421	446
421	449
421	472
421	474
421	475
421	476
421	502
421	503
421	504
421	505
422	422
422	424
422	426
422	429
422	445
422	446
422	448
422	451
422	454
422	456
422	458
422	474
422	475
422	476
422	477
422	479
422	481
422	483
422	505
422	507
422	510
422	511
423	423
423	424
423	428
423	453
423	455
423	457
423	477
423	480
423	482
424	424
424	426
424	428
424	429
424	431
424	446
424	448
424	451
424	453
424	454
424	455
424	456
424	457
424	458
424	459
424	475
424	476
424	477
424	479
424	480
424	481
424	482
424	483
424	484
424	505
424	507
424	510
424	511
424	513
424	515
425	425
425	427
425	430
425	432
426	426
426	429
426	431
426	433
426	448
426	451
426	454
426	456
426	458
426	459
426	460
426	476
426	477
426	479
426	481
426	483
426	484
426	486
426	505
426	507
426	510
426	511
426	513
426	515
426	516
427	427
427	430
427	432
428	428
428	453
428	455
428	457
428	477
428	480
428	482
429	429
429	431
429	433
429	435
429	451
429	454
429	456
429	458
429	459
429	460
429	462
429	477
429	479
429	481
429	483
429	484
429	486
429	488
429	510
429	511
429	513
429	515
429	516
430	430
430	432
431	431
431	433
431	435
431	436
431	454
431	456
431	458
431	459
431	460
431	462
431	463
431	479
431	481
431	483
431	484
431	486
431	488
431	493
431	510
431	511
431	513
431	515
431	516
431	522
431	529
432	432
433	433
433	435
433	436
433	439
433	456
433	458
433	459
433	460
433	462
433	463
433	466
433	481
433	483
433	484
433	486
433	488
433	493
433	511
433	513
433	515
433	516
433	522
433	524
433	529
433	532
434	434
434	435
434	437
434	440
434	461
434	462
434	463
434	468
434	487
434	491
434	495
434	498
434	520
434	527
434	534
434	537
435	435
435	436
435	437
435	438
435	439
435	440
435	441
435	458
435	459
435	460
435	461
435	462
435	463
435	465
435	466
435	468
435	469
435	483
435	484
435	486
435	487
435	488
435	491
435	492
435	493
435	495
435	496
435	498
435	499
435	515
435	516
435	520
435	522
435	524
435	527
435	529
435	530
435	532
435	534
435	535
435	537
435	538
436	436
436	439
436	459
436	460
436	462
436	463
436	466
436	484
436	486
436	488
436	492
436	493
436	496
436	499
436	516
436	524
436	530
436	532
436	535
436	538
437	437
437	440
437	461
437	462
437	463
437	468
437	487
437	491
437	495
437	498
437	520
437	527
437	534
437	537
438	438
438	441
438	462
438	465
438	469
439	439
439	460
439	462
439	463
439	466
439	492
439	496
439	499
439	530
439	535
439	538
440	440
440	461
440	462
440	463
440	468
440	487
440	491
440	495
440	498
440	520
440	527
440	534
440	537
441	441
441	462
441	465
441	469
442	442
442	443
442	444
442	445
442	470
442	471
442	472
442	473
442	474
442	500
442	501
442	502
442	539
442	540
442	541
443	443
443	444
443	445
443	470
443	471
443	472
443	473
443	474
443	500
443	501
443	502
443	503
443	539
443	540
443	541
443	542
444	444
444	445
444	446
444	448
444	449
444	470
444	471
444	472
444	473
444	474
444	475
444	476
444	500
444	501
444	502
444	503
444	504
444	505
444	539
444	540
444	541
444	542
444	543
444	544
445	445
445	446
445	448
445	449
445	451
445	470
445	471
445	472
445	474
445	475
445	476
445	477
445	501
445	502
445	503
445	504
445	505
445	540
445	541
445	542
445	543
445	544
446	446
446	448
446	449
446	451
446	454
446	472
446	474
446	475
446	476
446	477
446	479
446	502
446	503
446	504
446	505
446	507
446	510
446	541
446	542
446	543
446	544
446	545
446	547
447	447
447	450
447	452
447	475
447	476
447	478
447	504
447	506
447	509
448	448
448	451
448	454
448	456
448	472
448	474
448	475
448	476
448	477
448	479
448	481
448	502
448	503
448	504
448	505
448	507
448	510
448	511
448	541
448	542
448	543
448	544
448	545
448	547
449	449
449	472
449	474
449	475
449	476
449	502
449	503
449	504
449	505
450	450
450	452
450	475
450	476
450	478
450	504
450	506
450	509
451	451
451	454
451	456
451	458
451	474
451	475
451	476
451	477
451	479
451	481
451	483
451	504
451	505
451	507
451	510
451	511
451	513
451	543
451	544
451	545
451	547
451	548
452	452
452	475
452	476
452	478
452	504
452	506
452	509
453	453
453	455
453	457
453	477
453	480
453	482
454	454
454	456
454	458
454	459
454	475
454	476
454	477
454	479
454	481
454	483
454	484
454	504
454	505
454	507
454	510
454	511
454	513
454	515
454	543
454	544
454	545
454	547
454	548
454	549
455	455
455	457
455	477
455	480
455	482
456	456
456	458
456	459
456	460
456	476
456	477
456	479
456	481
456	483
456	484
456	486
456	505
456	507
456	510
456	511
456	513
456	515
456	516
456	545
456	547
456	548
456	549
457	457
457	477
457	480
457	482
458	458
458	459
458	460
458	462
458	477
458	479
458	481
458	483
458	484
458	486
458	488
458	507
458	510
458	511
458	513
458	515
458	516
458	517
458	523
458	524
458	531
458	547
458	548
458	549
458	550
458	558
459	459
459	460
459	462
459	463
459	479
459	481
459	483
459	484
459	486
459	488
459	493
459	510
459	511
459	513
459	515
459	516
459	517
459	522
459	523
459	524
459	529
459	531
459	532
459	549
459	550
459	558
459	559
459	564
459	566
460	460
460	462
460	463
460	466
460	481
460	483
460	484
460	486
460	488
460	493
460	499
460	511
460	513
460	515
460	516
460	517
460	521
460	522
460	523
460	524
460	528
460	529
460	531
460	532
460	538
460	549
460	550
460	558
460	559
460	564
460	566
461	461
461	462
461	463
461	468
461	487
461	491
461	495
461	498
461	520
461	527
461	534
461	537
462	462
462	463
462	464
462	465
462	466
462	467
462	468
462	469
462	483
462	484
462	486
462	487
462	488
462	489
462	491
462	492
462	493
462	494
462	495
462	496
462	497
462	498
462	499
462	513
462	515
462	516
462	520
462	521
462	522
462	523
462	524
462	525
462	527
462	528
462	529
462	530
462	531
462	532
462	533
462	534
462	535
462	536
462	537
462	538
462	550
462	559
462	563
462	564
462	565
462	566
462	567
463	463
463	466
463	468
463	484
463	486
463	487
463	488
463	491
463	492
463	493
463	495
463	496
463	498
463	499
463	515
463	516
463	520
463	521
463	524
463	527
463	528
463	530
463	532
463	534
463	535
463	537
463	538
463	550
463	559
463	564
463	566
464	464
464	467
464	489
464	494
464	497
464	525
464	533
464	536
464	563
464	565
464	567
465	465
465	469
466	466
466	486
466	488
466	492
466	493
466	496
466	499
466	521
466	528
466	530
466	532
466	535
466	538
467	467
467	489
467	494
467	497
467	525
467	533
467	536
467	563
467	565
467	567
468	468
468	487
468	491
468	495
468	498
468	520
468	527
468	534
468	537
469	469
470	470
470	471
470	472
470	473
470	474
470	500
470	501
470	502
470	539
470	540
470	541
470	568
470	569
470	570
471	471
471	472
471	473
471	474
471	475
471	500
471	501
471	502
471	503
471	504
471	539
471	540
471	541
471	542
471	543
471	568
471	569
471	570
471	571
471	572
472	472
472	474
472	475
472	476
472	500
472	501
472	502
472	503
472	504
472	505
472	539
472	540
472	541
472	542
472	543
472	544
472	568
472	569
472	570
472	571
472	572
473	473
473	500
473	501
473	502
474	474
474	475
474	476
474	477
474	501
474	502
474	503
474	504
474	505
474	507
474	508
474	540
474	541
474	542
474	543
474	544
474	545
474	546
474	569
474	570
474	571
474	572
474	573
474	575
475	475
475	476
475	477
475	478
475	479
475	501
475	502
475	503
475	504
475	505
475	506
475	507
475	508
475	509
475	510
475	540
475	541
475	542
475	543
475	544
475	545
475	546
475	547
475	569
475	570
475	571
475	572
475	573
475	575
476	476
476	477
476	478
476	479
476	481
476	502
476	503
476	504
476	505
476	506
476	507
476	508
476	509
476	510
476	511
476	541
476	542
476	543
476	544
476	545
476	546
476	547
476	548
476	571
476	572
476	573
476	574
476	575
476	576
477	477
477	479
477	480
477	481
477	482
477	483
477	503
477	504
477	505
477	507
477	508
477	510
477	511
477	513
477	542
477	543
477	544
477	545
477	546
477	547
477	548
477	549
477	571
477	572
477	573
477	574
477	575
477	576
477	577
477	578
478	478
478	504
478	506
478	509
479	479
479	481
479	483
479	484
479	504
479	505
479	507
479	510
479	511
479	513
479	515
479	543
479	544
479	545
479	547
479	548
479	549
479	573
479	574
479	576
479	577
479	578
480	480
480	482
481	481
481	483
481	484
481	486
481	505
481	507
481	510
481	511
481	513
481	515
481	516
481	544
481	545
481	547
481	548
481	549
481	550
481	558
481	574
481	576
481	577
481	578
481	581
481	588
482	482
483	483
483	484
483	486
483	488
483	507
483	510
483	511
483	513
483	515
483	516
483	517
483	523
483	524
483	531
483	545
483	547
483	548
483	549
483	550
483	558
483	574
483	576
483	577
483	578
483	581
483	588
484	484
484	486
484	488
484	493
484	510
484	511
484	513
484	515
484	516
484	517
484	522
484	523
484	524
484	529
484	531
484	532
484	548
484	549
484	550
484	558
484	559
484	564
484	566
484	577
484	578
484	581
484	588
485	485
485	486
485	490
485	515
485	518
485	526
485	555
485	560
485	564
486	486
486	488
486	490
486	493
486	499
486	511
486	513
486	515
486	516
486	517
486	518
486	521
486	522
486	523
486	524
486	526
486	528
486	529
486	531
486	532
486	538
486	548
486	549
486	550
486	555
486	558
486	559
486	560
486	564
486	566
486	577
486	578
486	581
486	588
487	487
487	491
487	495
487	498
487	520
487	527
487	534
487	537
488	488
488	493
488	499
488	513
488	515
488	516
488	521
488	522
488	523
488	524
488	528
488	529
488	531
488	532
488	538
488	550
488	559
488	564
488	566
489	489
489	494
489	497
489	525
489	533
489	536
489	563
489	565
489	567
490	490
490	515
490	518
490	526
490	555
490	560
490	564
491	491
491	495
491	498
491	520
491	527
491	534
491	537
492	492
492	496
492	499
492	530
492	535
492	538
493	493
493	499
493	515
493	516
493	521
493	524
493	528
493	532
493	538
493	550
493	559
493	564
493	566
494	494
494	497
494	525
494	533
494	536
494	563
494	565
494	567
495	495
495	498
495	520
495	527
495	534
495	537
496	496
496	499
496	530
496	535
496	538
497	497
497	525
497	533
497	536
497	563
497	565
497	567
498	498
498	520
498	527
498	534
498	537
499	499
499	521
499	528
499	530
499	532
499	535
499	538
500	500
500	501
500	502
500	503
500	539
500	540
500	541
500	542
500	568
500	569
500	570
500	571
501	501
501	502
501	503
501	504
501	539
501	540
501	541
501	542
501	543
501	568
501	569
501	570
501	571
501	572
502	502
502	503
502	504
502	505
502	539
502	540
502	541
502	542
502	543
502	544
502	568
502	569
502	570
502	571
502	572
502	573
503	503
503	504
503	505
503	507
503	508
503	539
503	540
503	541
503	542
503	543
503	544
503	545
503	546
503	568
503	569
503	570
503	571
503	572
503	573
503	574
503	575
504	504
504	505
504	506
504	507
504	508
504	509
504	510
504	540
504	541
504	542
504	543
504	544
504	545
504	546
504	547
504	569
504	570
504	571
504	572
504	573
504	574
504	575
504	576
505	505
505	507
505	508
505	510
505	511
505	541
505	542
505	543
505	544
505	545
505	546
505	547
505	548
505	570
505	571
505	572
505	573
505	574
505	575
505	576
506	506
506	509
507	507
507	510
507	511
507	513
507	542
507	543
507	544
507	545
507	547
507	548
507	549
507	571
507	572
507	573
507	574
507	576
507	577
507	578
508	508
508	542
508	543
508	544
508	546
508	571
508	572
508	573
508	575
509	509
510	510
510	511
510	513
510	515
510	543
510	544
510	545
510	547
510	548
510	549
510	550
510	572
510	573
510	574
510	576
510	577
510	578
510	581
511	511
511	513
511	515
511	516
511	519
511	544
511	545
511	547
511	548
511	549
511	550
511	551
511	556
511	558
511	561
511	574
511	576
511	577
511	578
511	581
511	582
511	586
511	588
511	589
512	512
512	514
512	515
512	548
512	549
512	553
512	577
512	580
512	584
513	513
513	515
513	516
513	517
513	519
513	523
513	524
513	531
513	545
513	547
513	548
513	549
513	550
513	551
513	556
513	558
513	561
513	574
513	576
513	577
513	578
513	581
513	582
513	586
513	588
513	589
514	514
514	515
514	548
514	549
514	553
514	577
514	580
514	584
515	515
515	516
515	517
515	518
515	519
515	522
515	523
515	524
515	526
515	529
515	531
515	532
515	547
515	548
515	549
515	550
515	551
515	553
515	555
515	556
515	558
515	559
515	560
515	561
515	564
515	566
515	576
515	577
515	578
515	580
515	581
515	582
515	584
515	586
515	588
515	589
516	516
516	524
516	532
516	548
516	549
516	550
516	558
516	559
516	564
516	566
516	577
516	578
516	581
516	588
517	517
518	518
518	526
518	555
518	560
518	564
519	519
519	548
519	549
519	556
519	561
519	577
519	578
519	586
519	589
520	520
520	527
520	534
520	537
521	521
521	528
521	532
521	538
522	522
522	529
523	523
523	531
524	524
524	532
524	550
524	559
524	564
524	566
525	525
525	533
525	536
525	563
525	565
525	567
526	526
526	555
526	560
526	564
527	527
527	534
527	537
528	528
528	532
528	538
529	529
530	530
530	535
530	538
531	531
532	532
532	538
532	550
532	559
532	564
532	566
533	533
533	536
533	563
533	565
533	567
534	534
534	537
535	535
535	538
536	536
536	563
536	565
536	567
537	537
538	538
539	539
539	540
539	541
539	542
539	568
539	569
539	570
539	571
540	540
540	541
540	542
540	543
540	568
540	569
540	570
540	571
540	572
541	541
541	542
541	543
541	544
541	568
541	569
541	570
541	571
541	572
541	573
542	542
542	543
542	544
542	545
542	546
542	568
542	569
542	570
542	571
542	572
542	573
542	574
542	575
543	543
543	544
543	545
543	546
543	547
543	569
543	570
543	571
543	572
543	573
543	574
543	575
543	576
544	544
544	545
544	546
544	547
544	548
544	570
544	571
544	572
544	573
544	574
544	575
544	576
544	577
545	545
545	547
545	548
545	549
545	571
545	572
545	573
545	574
545	576
545	577
545	578
546	546
546	571
546	572
546	573
546	575
547	547
547	548
547	549
547	550
547	554
547	572
547	573
547	574
547	576
547	577
547	578
547	581
547	585
548	548
548	549
548	550
548	551
548	552
548	553
548	554
548	556
548	558
548	561
548	573
548	574
548	576
548	577
548	578
548	579
548	580
548	581
548	582
548	583
548	584
548	585
548	586
548	588
548	589
549	549
549	550
549	551
549	552
549	553
549	554
549	556
549	557
549	558
549	561
549	562
549	574
549	576
549	577
549	578
549	579
549	580
549	581
549	582
549	583
549	584
549	585
549	586
549	587
549	588
549	589
549	590
550	550
550	558
550	559
550	564
550	566
550	576
550	577
550	578
550	581
550	588
551	551
551	577
551	578
551	582
552	552
552	577
552	579
552	583
553	553
553	577
553	580
553	584
554	554
554	576
554	577
554	578
554	585
555	555
555	560
555	564
556	556
556	561
556	577
556	578
556	586
556	589
557	557
557	562
557	578
557	587
557	590
558	558
558	577
558	578
558	581
558	588
559	559
559	564
559	566
560	560
560	564
561	561
561	577
561	578
561	586
561	589
562	562
562	578
562	587
562	590
563	563
563	565
563	567
564	564
564	566
565	565
565	567
566	566
567	567
568	568
568	569
568	570
568	571
569	569
569	570
569	571
569	572
570	570
570	571
570	572
570	573
571	571
571	572
571	573
571	574
571	575
572	572
572	573
572	574
572	575
572	576
573	573
573	574
573	575
573	576
573	577
574	574
574	576
574	577
574	578
575	575
576	576
576	577
576	578
576	581
576	585
577	577
577	578
577	579
577	580
577	581
577	582
577	583
577	584
577	585
577	586
577	588
577	589
578	578
578	581
578	582
578	585
578	586
578	587
578	588
578	589
578	590
579	579
579	583
580	580
580	584
581	581
581	588
582	582
583	583
584	584
585	585
586	586
586	589
587	587
587	590
588	588
589	589
590	590
