"name"	"membership"	"in.singleton"	"vertex"	"mean.knn"	"f.state"	"mean.t"	"size"	"scaled.knn"	"is.extremum"	"basin"
"v1"	1	FALSE	1	0.1498621102617	0.941176470588235	5.64705882352941	51	0.00293847275022941	TRUE	1
"v2"	2	TRUE	2	0.235823409889742	1	7	1	0.235823409889742	NA	NA
"v3"	1	FALSE	3	0.142987724173036	0.971428571428571	6.42857142857143	35	0.00408536354780103	FALSE	1
"v4"	1	FALSE	4	0.137326828733667	NA	7.66666666666667	33	0.00416141905253537	FALSE	NA
"v5"	1	FALSE	5	0.160930577757157	1	11	1	0.160930577757157	FALSE	NA
"v6"	1	FALSE	6	0.144283846355803	1	2	1	0.144283846355803	FALSE	NA
"v7"	1	FALSE	7	0.125792868912545	1	7	1	0.125792868912545	FALSE	NA
"v8"	1	FALSE	8	0.102760636716164	1	7	1	0.102760636716164	FALSE	3
"v9"	1	FALSE	9	0.119663036536985	1	4	1	0.119663036536985	FALSE	3
"v10"	1	FALSE	10	0.126588705731055	1	2	1	0.126588705731055	FALSE	1
"v11"	1	FALSE	11	0.114799431051112	1	7	1	0.114799431051112	FALSE	NA
"v12"	1	FALSE	12	0.128117299335041	1	4	1	0.128117299335041	FALSE	NA
"v13"	1	FALSE	13	0.118011365436011	1	10	1	0.118011365436011	FALSE	NA
"v14"	1	FALSE	14	0.116655716957138	1	1	1	0.116655716957138	FALSE	3
"v15"	1	FALSE	15	0.131552939110374	1	4	1	0.131552939110374	FALSE	1
"v16"	1	FALSE	16	0.124373058924887	1	5	1	0.124373058924887	FALSE	3
"v17"	1	FALSE	17	0.124106057900699	1	7	1	0.124106057900699	FALSE	3
"v18"	1	FALSE	18	0.151174397873539	1	2	1	0.151174397873539	FALSE	1
"v19"	1	FALSE	19	0.130260839472739	1	4	1	0.130260839472739	FALSE	NA
"v20"	1	FALSE	20	0.123209215726734	1	4	1	0.123209215726734	FALSE	3
"v21"	1	FALSE	21	0.11471757957549	1	4	1	0.11471757957549	FALSE	3
"v22"	1	FALSE	22	0.13556084947554	1	7	1	0.13556084947554	FALSE	NA
"v23"	1	FALSE	23	0.130055193879001	1	11	1	0.130055193879001	FALSE	NA
"v24"	1	FALSE	24	0.1348701999378	1	5	1	0.1348701999378	FALSE	NA
"v25"	1	FALSE	25	0.126232649509296	1	4	1	0.126232649509296	FALSE	3
"v26"	1	FALSE	26	0.129865164970163	1	4	1	0.129865164970163	FALSE	NA
"v27"	1	FALSE	27	0.132496694182173	1	3	1	0.132496694182173	FALSE	3
"v28"	1	FALSE	28	0.145331137681317	1	6	1	0.145331137681317	FALSE	3
"v29"	1	FALSE	29	0.17058911442975	1	18	1	0.17058911442975	FALSE	NA
"v30"	1	FALSE	30	0.133773813989701	1	6	1	0.133773813989701	FALSE	NA
"v31"	1	FALSE	31	0.117074820923866	0.5	21	2	0.0585374104619331	FALSE	3
"v32"	1	FALSE	32	0.144308404954231	1	10	1	0.144308404954231	FALSE	1
"v33"	1	FALSE	33	0.120461067920684	1	10	1	0.120461067920684	FALSE	NA
"v34"	1	FALSE	34	0.117901666758855	1	7	1	0.117901666758855	FALSE	3
"v35"	1	FALSE	35	0.125555845687791	0	14	1	0.125555845687791	FALSE	3
"v36"	1	FALSE	36	0.114408200530431	NA	9	1	0.114408200530431	FALSE	3
"v37"	1	FALSE	37	0.163107834740287	1	5	1	0.163107834740287	FALSE	1
"v38"	1	FALSE	38	0.127528497553662	1	4	1	0.127528497553662	FALSE	3
"v39"	1	FALSE	39	0.118573100526275	1	10	1	0.118573100526275	FALSE	3
"v40"	1	FALSE	40	0.148753974320283	1	14	1	0.148753974320283	FALSE	NA
"v41"	1	FALSE	41	0.127478295738643	1	8	1	0.127478295738643	FALSE	NA
"v42"	1	FALSE	42	0.138589594773922	1	15	1	0.138589594773922	FALSE	3
"v43"	1	FALSE	43	0.116646517208271	1	10	1	0.116646517208271	FALSE	NA
"v44"	1	FALSE	44	0.160930577757157	1	11	1	0.160930577757157	FALSE	NA
"v45"	1	FALSE	45	0.144283846355803	1	2	1	0.144283846355803	FALSE	NA
"v46"	1	FALSE	46	0.135853199730028	1	4	1	0.135853199730028	FALSE	3
"v47"	1	FALSE	47	0.125792868912545	1	7	1	0.125792868912545	FALSE	NA
"v48"	1	FALSE	48	0.102760636716164	1	7	1	0.102760636716164	FALSE	3
"v49"	1	FALSE	49	0.119663036536985	1	4	1	0.119663036536985	FALSE	3
"v50"	1	FALSE	50	0.114799431051112	1	7	1	0.114799431051112	FALSE	NA
"v51"	1	FALSE	51	0.116655716957138	1	1	1	0.116655716957138	FALSE	3
"v52"	1	FALSE	52	0.124373058924887	1	5	1	0.124373058924887	FALSE	3
"v53"	1	FALSE	53	0.143538098200756	1	12	1	0.143538098200756	FALSE	3
"v54"	1	FALSE	54	0.124106057900699	1	7	1	0.124106057900699	FALSE	3
"v55"	1	FALSE	55	0.123209215726734	1	4	1	0.123209215726734	FALSE	3
"v56"	1	FALSE	56	0.11471757957549	1	4	1	0.11471757957549	FALSE	3
"v57"	1	FALSE	57	0.120822385324653	1	7	1	0.120822385324653	FALSE	3
"v58"	1	FALSE	58	0.130055193879001	1	11	1	0.130055193879001	FALSE	NA
"v59"	1	FALSE	59	0.1348701999378	1	5	1	0.1348701999378	FALSE	NA
"v60"	1	FALSE	60	0.126232649509296	1	4	1	0.126232649509296	FALSE	3
"v61"	1	FALSE	61	0.132496694182173	1	3	1	0.132496694182173	FALSE	3
"v62"	1	FALSE	62	0.145331137681317	1	6	1	0.145331137681317	FALSE	3
"v63"	1	FALSE	63	0.17058911442975	1	18	1	0.17058911442975	FALSE	NA
"v64"	1	FALSE	64	0.133773813989701	1	6	1	0.133773813989701	FALSE	NA
"v65"	1	FALSE	65	0.117074820923866	0.5	21	2	0.0585374104619331	FALSE	3
"v66"	1	FALSE	66	0.13864706748184	1	7	1	0.13864706748184	FALSE	3
"v67"	1	FALSE	67	0.120461067920684	1	10	1	0.120461067920684	FALSE	NA
"v68"	1	FALSE	68	0.117901666758855	1	7	1	0.117901666758855	FALSE	3
"v69"	1	FALSE	69	0.114584315397127	1	7	1	0.114584315397127	FALSE	3
"v70"	1	FALSE	70	0.125555845687791	0	14	1	0.125555845687791	FALSE	3
"v71"	1	FALSE	71	0.114408200530431	NA	9	1	0.114408200530431	FALSE	3
"v72"	1	FALSE	72	0.135279024120437	1	19	1	0.135279024120437	FALSE	3
"v73"	1	FALSE	73	0.136005320168554	1	16	1	0.136005320168554	FALSE	3
"v74"	1	FALSE	74	0.127528497553662	1	4	1	0.127528497553662	FALSE	3
"v75"	1	FALSE	75	0.118573100526275	1	10	1	0.118573100526275	FALSE	3
"v76"	1	FALSE	76	0.127478295738643	1	8	1	0.127478295738643	FALSE	NA
"v77"	1	FALSE	77	0.138589594773922	1	15	1	0.138589594773922	FALSE	3
"v78"	1	FALSE	78	0.122672406943077	NA	8.03030303030303	33	0.00371734566494174	TRUE	3
"v79"	1	FALSE	79	0.1243016091045	1	6.8	20	0.00621508045522498	FALSE	3
"v80"	1	FALSE	80	0.115260059727244	0.95	6.35	20	0.0057630029863622	FALSE	3
"v81"	1	FALSE	81	0.114165033103909	0.9375	8	16	0.00713531456899429	FALSE	3
"v82"	1	FALSE	82	0.112195060322378	0.882352941176471	9.41176470588235	17	0.00659970943072814	FALSE	3
"v83"	1	FALSE	83	0.11292228759591	1	8.14285714285714	14	0.00806587768542215	FALSE	3
"v84"	3	TRUE	84	0.154516446798728	1	3	1	0.154516446798728	NA	NA
"v85"	1	FALSE	85	0.123802582508943	0	17	1	0.123802582508943	FALSE	NA
"v86"	1	FALSE	86	0.114372910479615	1	8.36363636363636	11	0.0103975373163286	FALSE	NA
"v87"	3	TRUE	87	0.154516446798728	1	3	1	0.154516446798728	NA	NA
"v88"	1	FALSE	88	0.123802582508943	0	17	1	0.123802582508943	FALSE	NA
"v89"	1	FALSE	89	0.117828148626185	1	7.125	8	0.0147285185782732	FALSE	NA
"v90"	3	TRUE	90	0.154516446798728	1	3	1	0.154516446798728	NA	NA
"v91"	1	FALSE	91	0.141908686034547	1	1	1	0.141908686034547	FALSE	5
"v92"	1	FALSE	92	0.109072765432304	1	7.33333333333333	3	0.0363575884774348	FALSE	NA
"v93"	1	FALSE	93	0.115947512437252	1	18	1	0.115947512437252	FALSE	5
"v94"	1	FALSE	94	0.141908686034547	1	1	1	0.141908686034547	FALSE	5
"v95"	1	FALSE	95	0.115214434349621	0.8	15.8	15	0.00768096228997471	FALSE	5
"v96"	1	FALSE	96	0.1444550193803	0.86046511627907	5.95348837209302	43	0.00335941905535581	FALSE	1
"v97"	2	TRUE	97	0.235823409889742	1	7	1	0.235823409889742	NA	NA
"v98"	1	FALSE	98	0.137426952731282	0.903225806451613	6.61290322580645	31	0.00443312750746071	FALSE	1
"v99"	1	FALSE	99	0.12963911390264	NA	7.73076923076923	26	0.00498611976548616	FALSE	NA
"v100"	1	FALSE	100	0.125792868912545	1	7	1	0.125792868912545	FALSE	NA
"v101"	1	FALSE	101	0.161587732714323	1	4	1	0.161587732714323	FALSE	3
"v102"	1	FALSE	102	0.102760636716164	1	7	1	0.102760636716164	FALSE	3
"v103"	1	FALSE	103	0.118140786584636	1	15	1	0.118140786584636	FALSE	NA
"v104"	1	FALSE	104	0.126588705731055	1	2	1	0.126588705731055	FALSE	1
"v105"	1	FALSE	105	0.114799431051112	1	7	1	0.114799431051112	FALSE	NA
"v106"	1	FALSE	106	0.128117299335041	1	4	1	0.128117299335041	FALSE	NA
"v107"	1	FALSE	107	0.118011365436011	1	10	1	0.118011365436011	FALSE	NA
"v108"	1	FALSE	108	0.116655716957138	1	1	1	0.116655716957138	FALSE	3
"v109"	1	FALSE	109	0.131552939110374	1	4	1	0.131552939110374	FALSE	1
"v110"	1	FALSE	110	0.124373058924887	1	5	1	0.124373058924887	FALSE	3
"v111"	1	FALSE	111	0.124106057900699	1	7	1	0.124106057900699	FALSE	3
"v112"	1	FALSE	112	0.11471757957549	1	4	1	0.11471757957549	FALSE	3
"v113"	1	FALSE	113	0.1348701999378	1	5	1	0.1348701999378	FALSE	NA
"v114"	1	FALSE	114	0.129865164970163	1	4	1	0.129865164970163	FALSE	NA
"v115"	1	FALSE	115	0.108362478833884	1	14	1	0.108362478833884	FALSE	3
"v116"	1	FALSE	116	0.132496694182173	1	3	1	0.132496694182173	FALSE	3
"v117"	1	FALSE	117	0.17058911442975	1	18	1	0.17058911442975	FALSE	NA
"v118"	1	FALSE	118	0.117074820923866	0.5	21	2	0.0585374104619331	FALSE	3
"v119"	1	FALSE	119	0.144308404954231	1	10	1	0.144308404954231	FALSE	1
"v120"	1	FALSE	120	0.120461067920684	1	10	1	0.120461067920684	FALSE	NA
"v121"	1	FALSE	121	0.125555845687791	0	14	1	0.125555845687791	FALSE	3
"v122"	1	FALSE	122	0.114408200530431	NA	9	1	0.114408200530431	FALSE	3
"v123"	1	FALSE	123	0.163107834740287	1	5	1	0.163107834740287	FALSE	1
"v124"	1	FALSE	124	0.127478295738643	1	8	1	0.127478295738643	FALSE	NA
"v125"	1	FALSE	125	0.138589594773922	1	15	1	0.138589594773922	FALSE	3
"v126"	1	FALSE	126	0.116646517208271	1	10	1	0.116646517208271	FALSE	NA
"v127"	1	FALSE	127	0.125792868912545	1	7	1	0.125792868912545	FALSE	NA
"v128"	1	FALSE	128	0.161587732714323	1	4	1	0.161587732714323	FALSE	3
"v129"	1	FALSE	129	0.102760636716164	1	7	1	0.102760636716164	FALSE	3
"v130"	1	FALSE	130	0.114799431051112	1	7	1	0.114799431051112	FALSE	NA
"v131"	1	FALSE	131	0.116655716957138	1	1	1	0.116655716957138	FALSE	3
"v132"	1	FALSE	132	0.124373058924887	1	5	1	0.124373058924887	FALSE	3
"v133"	1	FALSE	133	0.124106057900699	1	7	1	0.124106057900699	FALSE	3
"v134"	1	FALSE	134	0.11471757957549	1	4	1	0.11471757957549	FALSE	3
"v135"	1	FALSE	135	0.120822385324653	1	7	1	0.120822385324653	FALSE	3
"v136"	1	FALSE	136	0.1348701999378	1	5	1	0.1348701999378	FALSE	NA
"v137"	1	FALSE	137	0.108362478833884	1	14	1	0.108362478833884	FALSE	3
"v138"	1	FALSE	138	0.132496694182173	1	3	1	0.132496694182173	FALSE	3
"v139"	1	FALSE	139	0.17058911442975	1	18	1	0.17058911442975	FALSE	NA
"v140"	1	FALSE	140	0.117074820923866	0.5	21	2	0.0585374104619331	FALSE	3
"v141"	1	FALSE	141	0.13864706748184	1	7	1	0.13864706748184	FALSE	3
"v142"	1	FALSE	142	0.120461067920684	1	10	1	0.120461067920684	FALSE	NA
"v143"	1	FALSE	143	0.114584315397127	1	7	1	0.114584315397127	FALSE	3
"v144"	1	FALSE	144	0.125555845687791	0	14	1	0.125555845687791	FALSE	3
"v145"	1	FALSE	145	0.114408200530431	NA	9	1	0.114408200530431	FALSE	3
"v146"	1	FALSE	146	0.135279024120437	1	19	1	0.135279024120437	FALSE	3
"v147"	1	FALSE	147	0.136005320168554	1	16	1	0.136005320168554	FALSE	3
"v148"	1	FALSE	148	0.127478295738643	1	8	1	0.127478295738643	FALSE	NA
"v149"	1	FALSE	149	0.138589594773922	1	15	1	0.138589594773922	FALSE	3
"v150"	1	FALSE	150	0.161587732714323	1	4	1	0.161587732714323	FALSE	3
"v151"	1	FALSE	151	0.117995771252261	NA	10.76	25	0.00471983085009045	FALSE	3
"v152"	1	FALSE	152	0.161587732714323	1	4	1	0.161587732714323	FALSE	3
"v153"	1	FALSE	153	0.116915363296716	1	10.8125	16	0.00730721020604477	FALSE	3
"v154"	1	FALSE	154	0.112608207714534	0.904761904761905	9.76190476190476	21	0.005362295605454	FALSE	3
"v155"	1	FALSE	155	0.111085196684211	0.882352941176471	10	17	0.00653442333436534	FALSE	3
"v156"	1	FALSE	156	0.109379471967829	NA	11.2105263157895	19	0.00575681431409627	FALSE	3
"v157"	1	FALSE	157	0.102916029913978	NA	10.9090909090909	11	0.00935600271945252	FALSE	3
"v158"	1	FALSE	158	0.121958233110766	1	7	1	0.121958233110766	FALSE	NA
"v159"	1	FALSE	159	0.123802582508943	0	17	1	0.123802582508943	FALSE	NA
"v160"	1	FALSE	160	0.107275625588002	NA	11.6363636363636	11	0.00975232959890924	FALSE	5
"v161"	1	FALSE	161	0.10425041468143	1	8.5	6	0.0173750691135717	FALSE	5
"v162"	1	FALSE	162	0.141908686034547	1	1	1	0.141908686034547	FALSE	5
"v163"	1	FALSE	163	0.102647522193908	1	12.5555555555556	9	0.0114052802437675	FALSE	5
"v164"	1	FALSE	164	0.141908686034547	1	1	1	0.141908686034547	FALSE	5
"v165"	1	FALSE	165	0.11124246397379	0.918918918918919	17.8918918918919	37	0.00300655308037271	FALSE	5
"v166"	1	FALSE	166	0.141617339300282	0.75	7.5	36	0.00393381498056338	FALSE	1
"v167"	2	TRUE	167	0.235823409889742	1	7	1	0.235823409889742	NA	NA
"v168"	1	FALSE	168	0.134882108087027	0.769230769230769	8.23076923076923	26	0.00518777338796259	FALSE	1
"v169"	1	FALSE	169	0.123105671612556	NA	9.57142857142857	21	0.00586217483869314	FALSE	NA
"v170"	1	FALSE	170	0.17058911442975	1	18	1	0.17058911442975	FALSE	NA
"v171"	1	FALSE	171	0.125792868912545	1	7	1	0.125792868912545	FALSE	NA
"v172"	1	FALSE	172	0.161587732714323	1	4	1	0.161587732714323	FALSE	3
"v173"	1	FALSE	173	0.102760636716164	1	7	1	0.102760636716164	FALSE	3
"v174"	1	FALSE	174	0.118140786584636	1	15	1	0.118140786584636	FALSE	NA
"v175"	1	FALSE	175	0.118011365436011	1	10	1	0.118011365436011	FALSE	NA
"v176"	1	FALSE	176	0.124106057900699	1	7	1	0.124106057900699	FALSE	3
"v177"	1	FALSE	177	0.113472226067108	1	8	1	0.113472226067108	FALSE	NA
"v178"	1	FALSE	178	0.108362478833884	1	14	1	0.108362478833884	FALSE	3
"v179"	1	FALSE	179	0.17058911442975	1	18	1	0.17058911442975	FALSE	NA
"v180"	1	FALSE	180	0.117074820923866	0.5	21	2	0.0585374104619331	FALSE	3
"v181"	1	FALSE	181	0.11343357375365	1	15	1	0.11343357375365	FALSE	NA
"v182"	1	FALSE	182	0.120461067920684	1	10	1	0.120461067920684	FALSE	NA
"v183"	1	FALSE	183	0.114408200530431	NA	9	1	0.114408200530431	FALSE	3
"v184"	1	FALSE	184	0.106782089097087	1	16	1	0.106782089097087	FALSE	NA
"v185"	1	FALSE	185	0.138589594773922	1	15	1	0.138589594773922	FALSE	3
"v186"	1	FALSE	186	0.116646517208271	1	10	1	0.116646517208271	FALSE	NA
"v187"	1	FALSE	187	0.125792868912545	1	7	1	0.125792868912545	FALSE	NA
"v188"	1	FALSE	188	0.161587732714323	1	4	1	0.161587732714323	FALSE	3
"v189"	1	FALSE	189	0.102760636716164	1	7	1	0.102760636716164	FALSE	3
"v190"	1	FALSE	190	0.124106057900699	1	7	1	0.124106057900699	FALSE	3
"v191"	1	FALSE	191	0.108362478833884	1	14	1	0.108362478833884	FALSE	3
"v192"	1	FALSE	192	0.17058911442975	1	18	1	0.17058911442975	FALSE	NA
"v193"	1	FALSE	193	0.117074820923866	0.5	21	2	0.0585374104619331	FALSE	3
"v194"	1	FALSE	194	0.11343357375365	1	15	1	0.11343357375365	FALSE	NA
"v195"	1	FALSE	195	0.13864706748184	1	7	1	0.13864706748184	FALSE	3
"v196"	1	FALSE	196	0.120461067920684	1	10	1	0.120461067920684	FALSE	NA
"v197"	1	FALSE	197	0.114408200530431	NA	9	1	0.114408200530431	FALSE	3
"v198"	1	FALSE	198	0.106782089097087	1	16	1	0.106782089097087	FALSE	NA
"v199"	1	FALSE	199	0.138589594773922	1	15	1	0.138589594773922	FALSE	3
"v200"	1	FALSE	200	0.11723244717282	NA	13.0555555555556	18	0.00651291373182336	FALSE	3
"v201"	1	FALSE	201	0.117831769832311	0.9375	12.0625	16	0.00736448561451946	FALSE	3
"v202"	1	FALSE	202	0.112160756913312	0.894736842105263	12.5789473684211	19	0.0059031977322796	FALSE	3
"v203"	1	FALSE	203	0.115280142085988	0.888888888888889	10.3888888888889	18	0.00640445233811047	FALSE	3
"v204"	1	FALSE	204	0.106195114609126	NA	11.8823529411765	17	0.00624677144759563	FALSE	NA
"v205"	1	FALSE	205	0.162850201979927	1	4	1	0.162850201979927	FALSE	3
"v206"	1	FALSE	206	0.103597749921519	NA	11.8	15	0.00690651666143458	FALSE	NA
"v207"	1	FALSE	207	0.162850201979927	1	4	1	0.162850201979927	FALSE	3
"v208"	1	FALSE	208	0.103114476692396	NA	11.7058823529412	17	0.0060655574524939	FALSE	NA
"v209"	1	FALSE	209	0.0991004729160375	0.909090909090909	11.6363636363636	11	0.00900913390145796	FALSE	5
"v210"	1	FALSE	210	0.141908686034547	1	1	1	0.141908686034547	FALSE	5
"v211"	1	FALSE	211	0.0969796351159962	0.947368421052632	16.9473684210526	19	0.00510419132189454	FALSE	5
"v212"	1	FALSE	212	0.141908686034547	1	1	1	0.141908686034547	FALSE	5
"v213"	1	FALSE	213	0.106331839459876	0.92	18.8	50	0.00212663678919751	FALSE	5
"v214"	1	FALSE	214	0.141541146031916	0.724137931034483	8.41379310344828	29	0.00488072917351435	FALSE	1
"v215"	1	FALSE	215	0.13476869595565	0.708333333333333	8.95833333333333	24	0.00561536233148542	FALSE	1
"v216"	1	FALSE	216	0.12324615575341	0.8125	10.5	16	0.00770288473458813	FALSE	1
"v217"	1	FALSE	217	0.161587732714323	1	4	1	0.161587732714323	FALSE	3
"v218"	1	FALSE	218	0.114574065772817	1	12.4285714285714	7	0.0163677236818311	FALSE	NA
"v219"	1	FALSE	219	0.161587732714323	1	4	1	0.161587732714323	FALSE	3
"v220"	1	FALSE	220	0.110111414600223	1	14.25	4	0.0275278536500556	FALSE	NA
"v221"	1	FALSE	221	0.13864706748184	1	7	1	0.13864706748184	FALSE	3
"v222"	1	FALSE	222	0.161587732714323	1	4	1	0.161587732714323	FALSE	3
"v223"	1	FALSE	223	0.139891816148924	1	1	1	0.139891816148924	FALSE	3
"v224"	1	FALSE	224	0.105772639828262	1	16.375	8	0.0132215799785327	FALSE	3
"v225"	1	FALSE	225	0.15493533610704	1	14	1	0.15493533610704	FALSE	3
"v226"	1	FALSE	226	0.13864706748184	1	7	1	0.13864706748184	FALSE	3
"v227"	1	FALSE	227	0.11977731591988	0.933333333333333	12.8666666666667	15	0.00798515439465868	FALSE	3
"v228"	1	FALSE	228	0.109919094637235	0.882352941176471	14.6470588235294	17	0.00646582909630792	FALSE	3
"v229"	1	FALSE	229	0.15493533610704	1	14	1	0.15493533610704	FALSE	3
"v230"	1	FALSE	230	0.113778047043513	0.888888888888889	12.1666666666667	18	0.00632100261352849	FALSE	3
"v231"	1	FALSE	231	0.10108816819509	NA	13.0769230769231	13	0.00777601293808386	FALSE	NA
"v232"	1	FALSE	232	0.162850201979927	1	4	1	0.162850201979927	FALSE	3
"v233"	1	FALSE	233	0.0970064347954543	NA	13.1818181818182	11	0.00881876679958676	FALSE	NA
"v234"	1	FALSE	234	0.162850201979927	1	4	1	0.162850201979927	FALSE	3
"v235"	1	FALSE	235	0.0968836454901592	NA	13.4	15	0.00645890969934395	FALSE	NA
"v236"	1	FALSE	236	0.0943534000831461	0.9375	15.375	16	0.00589708750519663	FALSE	5
"v237"	1	FALSE	237	0.0939073300017439	0.951219512195122	20.1219512195122	41	0.00229042268296936	FALSE	5
"v238"	1	FALSE	238	0.0997333975301179	0.930555555555556	20.5555555555556	72	0.00138518607680719	FALSE	5
"v239"	1	FALSE	239	0.140251543942648	0.55	9.45	20	0.00701257719713239	FALSE	NA
"v240"	1	FALSE	240	0.134713999097084	0.55	9.7	20	0.00673569995485422	FALSE	NA
"v241"	1	FALSE	241	0.119197144963146	0.692307692307692	11.7692307692308	13	0.00916901115101126	FALSE	NA
"v242"	1	FALSE	242	0.138708766290367	1	10	1	0.138708766290367	FALSE	NA
"v243"	1	FALSE	243	0.161170785467122	1	8	1	0.161170785467122	FALSE	NA
"v244"	1	FALSE	244	0.114634455660451	1	13.125	8	0.0143293069575564	FALSE	NA
"v245"	1	FALSE	245	0.161170785467122	1	8	1	0.161170785467122	FALSE	NA
"v246"	1	FALSE	246	0.109508250744684	1	16.125	8	0.0136885313430854	FALSE	NA
"v247"	1	FALSE	247	0.161170785467122	1	8	1	0.161170785467122	FALSE	NA
"v248"	1	FALSE	248	0.107804565032478	0.888888888888889	18.1111111111111	9	0.0119782850036086	FALSE	3
"v249"	1	FALSE	249	0.139891816148924	1	1	1	0.139891816148924	FALSE	3
"v250"	1	FALSE	250	0.15493533610704	1	14	1	0.15493533610704	FALSE	3
"v251"	1	FALSE	251	0.111377539670879	0.857142857142857	16.7142857142857	14	0.00795553854791995	FALSE	3
"v252"	1	FALSE	252	0.15493533610704	1	14	1	0.15493533610704	FALSE	3
"v253"	1	FALSE	253	0.111420938448582	0.823529411764706	17.5294117647059	17	0.00655417284991659	FALSE	NA
"v254"	1	FALSE	254	0.112304132856304	0.888888888888889	15.5	18	0.00623911849201689	FALSE	NA
"v255"	1	FALSE	255	0.0954468500297565	1	14.3333333333333	12	0.00795390416914638	FALSE	NA
"v256"	1	FALSE	256	0.119149128496143	1	37	1	0.119149128496143	FALSE	5
"v257"	1	FALSE	257	0.162850201979927	1	4	1	0.162850201979927	FALSE	3
"v258"	1	FALSE	258	0.123428264037284	0	14	1	0.123428264037284	FALSE	3
"v259"	1	FALSE	259	0.0918516135334111	0.941176470588235	14.5294117647059	17	0.00540303609020065	FALSE	5
"v260"	1	FALSE	260	0.119149128496143	1	37	1	0.119149128496143	FALSE	5
"v261"	1	FALSE	261	0.162850201979927	1	4	1	0.162850201979927	FALSE	3
"v262"	1	FALSE	262	0.0933093188740332	0.96	15.48	25	0.00373237275496133	FALSE	5
"v263"	1	FALSE	263	0.0908976744549201	0.944444444444444	17.1944444444444	36	0.00252493540152556	FALSE	5
"v264"	1	FALSE	264	0.0910455433325601	0.967213114754098	20.6229508196721	61	0.00149254989069771	FALSE	5
"v265"	1	FALSE	265	0.0942943357533668	0.930555555555556	21.2361111111111	72	0.00130964355213009	FALSE	5
"v266"	1	FALSE	266	0.132546635929376	0.666666666666667	9.41666666666667	12	0.0110455529941146	FALSE	NA
"v267"	1	FALSE	267	0.12609960644421	0.6875	11.0625	16	0.00788122540276315	FALSE	NA
"v268"	1	FALSE	268	0.161170785467122	1	8	1	0.161170785467122	FALSE	NA
"v269"	1	FALSE	269	0.124787541194355	0.777777777777778	12.1111111111111	18	0.00693264117746415	FALSE	NA
"v270"	1	FALSE	270	0.125369863742381	0.846153846153846	12.8461538461538	13	0.00964383567249087	FALSE	NA
"v271"	1	FALSE	271	0.117992662431206	0.866666666666667	13.6	15	0.00786617749541375	FALSE	NA
"v272"	1	FALSE	272	0.141585505930074	1	4	1	0.141585505930074	FALSE	NA
"v273"	1	FALSE	273	0.113318526046689	0	22	1	0.113318526046689	FALSE	NA
"v274"	1	FALSE	274	0.0937692159159157	0.75	19	4	0.0234423039789789	FALSE	NA
"v275"	1	FALSE	275	0.124819681325966	1	10	1	0.124819681325966	FALSE	NA
"v276"	1	FALSE	276	0.15493533610704	1	14	1	0.15493533610704	FALSE	3
"v277"	1	FALSE	277	0.108783547851229	1	10	1	0.108783547851229	FALSE	3
"v278"	1	FALSE	278	0.111978111851649	1	28	1	0.111978111851649	FALSE	NA
"v279"	1	FALSE	279	0.111950109681297	0.769230769230769	17.4615384615385	13	0.00861154689856132	FALSE	3
"v280"	1	FALSE	280	0.0983313484619746	0.833333333333333	20.6666666666667	12	0.00819427903849789	FALSE	NA
"v281"	1	FALSE	281	0.15493533610704	1	14	1	0.15493533610704	FALSE	3
"v282"	1	FALSE	282	0.140226555450933	0	15	1	0.140226555450933	FALSE	3
"v283"	1	FALSE	283	0.0961217114414015	1	18.8571428571429	14	0.00686583653152868	FALSE	NA
"v284"	1	FALSE	284	0.162850201979927	1	4	1	0.162850201979927	FALSE	3
"v285"	1	FALSE	285	0.15493533610704	1	14	1	0.15493533610704	FALSE	3
"v286"	1	FALSE	286	0.140226555450933	0	15	1	0.140226555450933	FALSE	3
"v287"	1	FALSE	287	0.09588470880749	0.947368421052632	15.5789473684211	19	0.00504656362144684	FALSE	NA
"v288"	1	FALSE	288	0.162850201979927	1	4	1	0.162850201979927	FALSE	3
"v289"	1	FALSE	289	0.0922138168433804	0.923076923076923	16.0769230769231	26	0.00354668526320694	FALSE	5
"v290"	1	FALSE	290	0.162850201979927	1	4	1	0.162850201979927	FALSE	3
"v291"	1	FALSE	291	0.0886467331050583	0.891891891891892	17.8918918918919	37	0.00239585765148806	FALSE	5
"v292"	1	FALSE	292	0.0874843644219418	0.923076923076923	18.8461538461538	52	0.00168239162349888	FALSE	5
"v293"	1	FALSE	293	0.08851675510087	0.957142857142857	21.8571428571429	70	0.00126452507286957	FALSE	5
"v294"	1	FALSE	294	0.11388135903299	1	10	1	0.11388135903299	FALSE	5
"v295"	1	FALSE	295	0.0910178820856665	0.936507936507937	22.4920634920635	63	0.00144472828707407	FALSE	5
"v296"	1	FALSE	296	0.133440382568609	1	28	1	0.133440382568609	FALSE	5
"v297"	1	FALSE	297	0.131304363465615	0.4	9.8	5	0.0262608726931229	FALSE	1
"v298"	1	FALSE	298	0.160291610733275	1	20	1	0.160291610733275	FALSE	NA
"v299"	1	FALSE	299	0.130252967328515	0.6	12.7	10	0.0130252967328515	FALSE	1
"v300"	1	FALSE	300	0.161170785467122	1	8	1	0.161170785467122	FALSE	NA
"v301"	1	FALSE	301	0.131743429214461	0.769230769230769	13.3846153846154	13	0.0101341099395739	FALSE	NA
"v302"	1	FALSE	302	0.129747400823712	0.777777777777778	13.7777777777778	9	0.0144163778693013	FALSE	NA
"v303"	1	FALSE	303	0.120102726490772	0.866666666666667	13.4	15	0.00800684843271816	FALSE	NA
"v304"	1	FALSE	304	0.141585505930074	1	4	1	0.141585505930074	FALSE	NA
"v305"	1	FALSE	305	0.0987494742409034	0.8	19.1	10	0.00987494742409034	FALSE	NA
"v306"	1	FALSE	306	0.124819681325966	1	10	1	0.124819681325966	FALSE	NA
"v307"	1	FALSE	307	0.156702089319302	1	12	1	0.156702089319302	FALSE	7
"v308"	1	FALSE	308	0.103068802193482	0.866666666666667	18.1333333333333	15	0.00687125347956549	FALSE	NA
"v309"	1	FALSE	309	0.156702089319302	1	12	1	0.156702089319302	FALSE	7
"v310"	1	FALSE	310	0.0978804986341293	0.875	18.625	16	0.00611753116463308	FALSE	5
"v311"	1	FALSE	311	0.156702089319302	1	12	1	0.156702089319302	FALSE	7
"v312"	1	FALSE	312	0.168569323329358	NA	17	1	0.168569323329358	FALSE	NA
"v313"	1	FALSE	313	0.0940169688569881	1	17.6190476190476	21	0.00447699851699943	FALSE	NA
"v314"	1	FALSE	314	0.168569323329358	NA	17	1	0.168569323329358	FALSE	NA
"v315"	1	FALSE	315	0.0935557453869827	NA	16.4827586206897	29	0.00322606018575802	FALSE	NA
"v316"	1	FALSE	316	0.168569323329358	NA	17	1	0.168569323329358	FALSE	NA
"v317"	1	FALSE	317	0.0897166287985025	NA	18.3076923076923	39	0.00230042637944878	FALSE	5
"v318"	1	FALSE	318	0.168569323329358	NA	17	1	0.168569323329358	FALSE	NA
"v319"	1	FALSE	319	0.083818379381892	NA	20.3	40	0.0020954594845473	FALSE	5
"v320"	1	FALSE	320	0.119149128496143	1	37	1	0.119149128496143	FALSE	5
"v321"	1	FALSE	321	0.1254131763555	1	22	1	0.1254131763555	FALSE	5
"v322"	1	FALSE	322	0.113500220774888	1	17	1	0.113500220774888	FALSE	5
"v323"	1	FALSE	323	0.112551086269167	0	22	1	0.112551086269167	FALSE	5
"v324"	1	FALSE	324	0.11388135903299	1	10	1	0.11388135903299	FALSE	5
"v325"	1	FALSE	325	0.113879200421965	1	7	1	0.113879200421965	FALSE	5
"v326"	1	FALSE	326	0.0881104889160842	NA	20.6818181818182	66	0.00133500740781946	FALSE	5
"v327"	1	FALSE	327	0.0888287822524105	0.945205479452055	22.3150684931507	73	0.00121683263359466	TRUE	5
"v328"	1	FALSE	328	0.0895193411712078	0.962962962962963	22.6481481481482	54	0.00165776557724459	FALSE	5
"v329"	4	TRUE	329	0.215952405409206	1	22	1	0.215952405409206	NA	NA
"v330"	1	FALSE	330	0.170216460924689	0	11	1	0.170216460924689	FALSE	7
"v331"	1	FALSE	331	0.128632256881532	0.75	9.25	4	0.0321580642203829	FALSE	NA
"v332"	1	FALSE	332	0.202962432163353	0	7	1	0.202962432163353	FALSE	7
"v333"	1	FALSE	333	0.160291610733275	1	20	1	0.160291610733275	FALSE	NA
"v334"	1	FALSE	334	0.124218574057685	0.818181818181818	12.4545454545455	11	0.0112925976416077	FALSE	NA
"v335"	1	FALSE	335	0.170216460924689	0	11	1	0.170216460924689	FALSE	7
"v336"	1	FALSE	336	0.128646425370974	0.764705882352941	13.6470588235294	17	0.00756743678652787	FALSE	NA
"v337"	1	FALSE	337	0.107462973820759	0.75	13.25	8	0.0134328717275949	FALSE	NA
"v338"	1	FALSE	338	0.168965517688694	1	7	1	0.168965517688694	FALSE	NA
"v339"	1	FALSE	339	0.134011358673751	1	17	1	0.134011358673751	FALSE	NA
"v340"	1	FALSE	340	0.143319706911521	1	28	1	0.143319706911521	FALSE	NA
"v341"	1	FALSE	341	0.129528879024849	1	26	1	0.129528879024849	FALSE	7
"v342"	1	FALSE	342	0.115874068182865	0.882352941176471	14.2352941176471	17	0.00681612165781557	FALSE	NA
"v343"	1	FALSE	343	0.141585505930074	1	4	1	0.141585505930074	FALSE	NA
"v344"	1	FALSE	344	0.118732434246593	1	8	1	0.118732434246593	FALSE	7
"v345"	1	FALSE	345	0.0945335762560208	0.888888888888889	17	9	0.0105037306951134	FALSE	NA
"v346"	1	FALSE	346	0.117443333475269	1	13	1	0.117443333475269	FALSE	7
"v347"	1	FALSE	347	0.156702089319302	1	12	1	0.156702089319302	FALSE	7
"v348"	1	FALSE	348	0.0995545725566626	0.947368421052632	17.421052631579	19	0.00523971434508751	FALSE	NA
"v349"	1	FALSE	349	0.156702089319302	1	12	1	0.156702089319302	FALSE	7
"v350"	1	FALSE	350	0.0935430138948961	0.95	18.5	20	0.0046771506947448	FALSE	5
"v351"	1	FALSE	351	0.156702089319302	1	12	1	0.156702089319302	FALSE	7
"v352"	1	FALSE	352	0.168569323329358	NA	17	1	0.168569323329358	FALSE	NA
"v353"	1	FALSE	353	0.0905381792087743	1	19.16	25	0.00362152716835097	FALSE	5
"v354"	1	FALSE	354	0.168569323329358	NA	17	1	0.168569323329358	FALSE	NA
"v355"	1	FALSE	355	0.0895918914445665	NA	18.1666666666667	36	0.00248866365123796	FALSE	5
"v356"	1	FALSE	356	0.168569323329358	NA	17	1	0.168569323329358	FALSE	NA
"v357"	1	FALSE	357	0.086108751489299	NA	20.2222222222222	45	0.00191352781087331	FALSE	5
"v358"	1	FALSE	358	0.168569323329358	NA	17	1	0.168569323329358	FALSE	NA
"v359"	1	FALSE	359	0.0859513407205123	NA	21.1636363636364	55	0.00156275164946386	FALSE	5
"v360"	1	FALSE	360	0.0873097472674106	NA	21.15625	64	0.00136421480105329	FALSE	5
"v361"	1	FALSE	361	0.0888731861828849	0.931034482758621	22.1206896551724	58	0.00153229631349802	FALSE	5
"v362"	1	FALSE	362	0.0901533266795406	0.944444444444444	21.9722222222222	36	0.00250425907443168	FALSE	5
"v363"	4	TRUE	363	0.215952405409206	1	22	1	0.215952405409206	NA	NA
"v364"	1	FALSE	364	0.145850348853679	0.818181818181818	10.8181818181818	11	0.0132591226230618	FALSE	NA
"v365"	1	FALSE	365	0.114225803356221	1	10.2857142857143	7	0.0163179719080315	FALSE	NA
"v366"	1	FALSE	366	0.170216460924689	0	11	1	0.170216460924689	FALSE	7
"v367"	1	FALSE	367	0.159164224781151	1	11	1	0.159164224781151	FALSE	7
"v368"	1	FALSE	368	0.160291610733275	1	20	1	0.160291610733275	FALSE	NA
"v369"	1	FALSE	369	0.152516983164765	1	8	1	0.152516983164765	FALSE	7
"v370"	1	FALSE	370	0.122243562748798	0.923076923076923	12.7692307692308	13	0.0094033509806768	FALSE	7
"v371"	1	FALSE	371	0.170216460924689	0	11	1	0.170216460924689	FALSE	7
"v372"	1	FALSE	372	0.0935771207424205	1	20	1	0.0935771207424205	FALSE	7
"v373"	1	FALSE	373	0.102890982212495	0.666666666666667	12.6666666666667	3	0.0342969940708317	FALSE	NA
"v374"	1	FALSE	374	0.117051954480266	1	10	1	0.117051954480266	FALSE	7
"v375"	1	FALSE	375	0.127390749351524	1	14	1	0.127390749351524	FALSE	7
"v376"	1	FALSE	376	0.129528879024849	1	26	1	0.129528879024849	FALSE	7
"v377"	1	FALSE	377	0.109431147578476	0.833333333333333	14.5833333333333	12	0.00911926229820632	FALSE	7
"v378"	1	FALSE	378	0.156702089319302	1	12	1	0.156702089319302	FALSE	7
"v379"	1	FALSE	379	0.103246565371179	0.923076923076923	13.9230769230769	13	0.00794204349009069	FALSE	NA
"v380"	1	FALSE	380	0.156702089319302	1	12	1	0.156702089319302	FALSE	7
"v381"	1	FALSE	381	0.104249092933168	0.916666666666667	17.1666666666667	24	0.00434371220554868	FALSE	7
"v382"	1	FALSE	382	0.095559926254955	0.96	18.2	25	0.0038223970501982	FALSE	NA
"v383"	1	FALSE	383	0.156702089319302	1	12	1	0.156702089319302	FALSE	7
"v384"	1	FALSE	384	0.168569323329358	NA	17	1	0.168569323329358	FALSE	NA
"v385"	1	FALSE	385	0.138463551643468	0	15	1	0.138463551643468	FALSE	7
"v386"	1	FALSE	386	0.0956958097144251	NA	19.25	32	0.00299049405357579	FALSE	NA
"v387"	1	FALSE	387	0.0884530926402081	NA	18.6829268292683	41	0.00215739250341971	FALSE	NA
"v388"	1	FALSE	388	0.168569323329358	NA	17	1	0.168569323329358	FALSE	NA
"v389"	1	FALSE	389	0.0844911550645046	NA	20.2941176470588	51	0.00165668931499029	FALSE	5
"v390"	1	FALSE	390	0.168569323329358	NA	17	1	0.168569323329358	FALSE	NA
"v391"	1	FALSE	391	0.0854694117919583	NA	21.1166666666667	60	0.00142449019653264	FALSE	5
"v392"	1	FALSE	392	0.0881592159054432	NA	21.6065573770492	61	0.00144523304763022	FALSE	5
"v393"	1	FALSE	393	0.172111281605579	1	36	1	0.172111281605579	FALSE	5
"v394"	1	FALSE	394	0.0903286431834666	0.959183673469388	21.469387755102	49	0.00184344169762177	FALSE	5
"v395"	1	FALSE	395	0.172111281605579	1	36	1	0.172111281605579	FALSE	5
"v396"	1	FALSE	396	0.0914733873278345	0.931034482758621	20.551724137931	29	0.00315425473544257	FALSE	5
"v397"	4	TRUE	397	0.215952405409206	1	22	1	0.215952405409206	NA	NA
"v398"	1	FALSE	398	0.172111281605579	1	36	1	0.172111281605579	FALSE	5
"v399"	1	FALSE	399	0.155561778035172	0.857142857142857	8.42857142857143	14	0.0111115555739408	FALSE	7
"v400"	1	FALSE	400	0.116973150838639	1	10.2222222222222	9	0.0129970167598488	FALSE	7
"v401"	1	FALSE	401	0.170216460924689	0	11	1	0.170216460924689	FALSE	7
"v402"	1	FALSE	402	0.159164224781151	1	11	1	0.159164224781151	FALSE	7
"v403"	1	FALSE	403	0.159438275658726	1	3	1	0.159438275658726	FALSE	7
"v404"	1	FALSE	404	0.195063121061173	1	6	1	0.195063121061173	FALSE	7
"v405"	1	FALSE	405	0.152516983164765	1	8	1	0.152516983164765	FALSE	7
"v406"	1	FALSE	406	0.12481896846923	0.944444444444444	12	18	0.00693438713717944	FALSE	7
"v407"	1	FALSE	407	0.195063121061173	1	6	1	0.195063121061173	FALSE	7
"v408"	1	FALSE	408	0.135935919725584	1	7	1	0.135935919725584	FALSE	7
"v409"	1	FALSE	409	0.0978654254640436	1	16	5	0.0195730850928087	FALSE	7
"v410"	1	FALSE	410	0.117222465313301	1	7	1	0.117222465313301	FALSE	7
"v411"	1	FALSE	411	0.117327175346778	1	16	1	0.117327175346778	FALSE	7
"v412"	1	FALSE	412	0.117051954480266	1	10	1	0.117051954480266	FALSE	7
"v413"	1	FALSE	413	0.147957196867101	1	14	1	0.147957196867101	FALSE	7
"v414"	1	FALSE	414	0.117865575171285	NA	18	1	0.117865575171285	FALSE	7
"v415"	1	FALSE	415	0.127390749351524	1	14	1	0.127390749351524	FALSE	7
"v416"	1	FALSE	416	0.114936945463322	1	14	1	0.114936945463322	FALSE	7
"v417"	1	FALSE	417	0.129528879024849	1	26	1	0.129528879024849	FALSE	7
"v418"	1	FALSE	418	0.109559306621255	NA	15.4666666666667	15	0.00730395377475037	FALSE	7
"v419"	1	FALSE	419	0.147957196867101	1	14	1	0.147957196867101	FALSE	7
"v420"	1	FALSE	420	0.103622568277718	NA	15.5789473684211	19	0.00545381938303781	FALSE	7
"v421"	1	FALSE	421	0.147957196867101	1	14	1	0.147957196867101	FALSE	7
"v422"	1	FALSE	422	0.101337980292194	NA	17.6153846153846	26	0.00389761462662285	FALSE	7
"v423"	1	FALSE	423	0.138463551643468	0	15	1	0.138463551643468	FALSE	7
"v424"	1	FALSE	424	0.0972904059598837	0.896551724137931	19	29	0.00335484158482357	FALSE	NA
"v425"	1	FALSE	425	0.168569323329358	NA	17	1	0.168569323329358	FALSE	NA
"v426"	1	FALSE	426	0.0888387780769511	0.96875	20.6875	32	0.00277621181490472	FALSE	NA
"v427"	1	FALSE	427	0.168569323329358	NA	17	1	0.168569323329358	FALSE	NA
"v428"	1	FALSE	428	0.138463551643468	0	15	1	0.138463551643468	FALSE	7
"v429"	1	FALSE	429	0.0853742347686549	NA	20.1707317073171	41	0.00208229840899158	FALSE	NA
"v430"	1	FALSE	430	0.168569323329358	NA	17	1	0.168569323329358	FALSE	NA
"v431"	1	FALSE	431	0.0821443797642306	NA	21.2264150943396	53	0.00154989395781567	FALSE	5
"v432"	1	FALSE	432	0.168569323329358	NA	17	1	0.168569323329358	FALSE	NA
"v433"	1	FALSE	433	0.0849715730625459	NA	21.0344827586207	58	0.00146502712176803	FALSE	5
"v434"	1	FALSE	434	0.148856758401392	1	28	1	0.148856758401392	FALSE	5
"v435"	1	FALSE	435	0.0911100458012376	NA	22.2592592592593	54	0.00168722307039329	FALSE	5
"v436"	1	FALSE	436	0.0917473880483203	NA	21.8888888888889	36	0.00254853855689779	FALSE	5
"v437"	1	FALSE	437	0.148856758401392	1	28	1	0.148856758401392	FALSE	5
"v438"	1	FALSE	438	0.172111281605579	1	36	1	0.172111281605579	FALSE	5
"v439"	1	FALSE	439	0.0952284402906771	NA	19.7647058823529	17	0.00560167295827512	FALSE	5
"v440"	1	FALSE	440	0.148856758401392	1	28	1	0.148856758401392	FALSE	5
"v441"	1	FALSE	441	0.172111281605579	1	36	1	0.172111281605579	FALSE	5
"v442"	1	FALSE	442	0.154684154617741	0.944444444444444	8.66666666666667	18	0.00859356414543008	FALSE	7
"v443"	1	FALSE	443	0.133921643738853	0.904761904761905	10.1904761904762	21	0.00637722113042158	FALSE	7
"v444"	1	FALSE	444	0.126661334659857	0.92	11.92	25	0.00506645338639427	FALSE	7
"v445"	1	FALSE	445	0.117406715983564	NA	13.8947368421053	19	0.00617930084124019	FALSE	7
"v446"	1	FALSE	446	0.110132006401065	NA	16.7222222222222	18	0.00611844480005916	FALSE	7
"v447"	1	FALSE	447	0.197090066044157	1	7	1	0.197090066044157	FALSE	7
"v448"	1	FALSE	448	0.103343723362638	NA	16.25	20	0.00516718616813192	FALSE	7
"v449"	1	FALSE	449	0.147957196867101	1	14	1	0.147957196867101	FALSE	7
"v450"	1	FALSE	450	0.197090066044157	1	7	1	0.197090066044157	FALSE	7
"v451"	1	FALSE	451	0.101184110660413	NA	18.6296296296296	27	0.00374755965408938	FALSE	7
"v452"	1	FALSE	452	0.197090066044157	1	7	1	0.197090066044157	FALSE	7
"v453"	1	FALSE	453	0.138463551643468	0	15	1	0.138463551643468	FALSE	7
"v454"	1	FALSE	454	0.0957470464116706	0.911764705882353	19.2352941176471	34	0.00281608960034325	FALSE	NA
"v455"	1	FALSE	455	0.138463551643468	0	15	1	0.138463551643468	FALSE	7
"v456"	1	FALSE	456	0.0908674302576768	0.951219512195122	19.9512195121951	41	0.0022162787867726	FALSE	NA
"v457"	1	FALSE	457	0.138463551643468	0	15	1	0.138463551643468	FALSE	7
"v458"	1	FALSE	458	0.0886495662101918	NA	19.8775510204082	49	0.00180917482061616	FALSE	NA
"v459"	1	FALSE	459	0.0861154926820065	NA	20.0188679245283	53	0.00162482061664163	FALSE	NA
"v460"	1	FALSE	460	0.0873871113525381	NA	19.8	50	0.00174774222705076	FALSE	5
"v461"	1	FALSE	461	0.148856758401392	1	28	1	0.148856758401392	FALSE	5
"v462"	1	FALSE	462	0.096306886141282	NA	21.3589743589744	39	0.00246940733695595	FALSE	5
"v463"	1	FALSE	463	0.0959320536455891	NA	21.2380952380952	21	0.00456819303074234	FALSE	5
"v464"	1	FALSE	464	0.173493246117852	1	22	1	0.173493246117852	FALSE	5
"v465"	1	FALSE	465	0.172111281605579	1	36	1	0.172111281605579	FALSE	5
"v466"	1	FALSE	466	0.102220742381893	NA	19.8571428571429	7	0.0146029631974133	FALSE	5
"v467"	1	FALSE	467	0.173493246117852	1	22	1	0.173493246117852	FALSE	5
"v468"	1	FALSE	468	0.148856758401392	1	28	1	0.148856758401392	FALSE	5
"v469"	1	FALSE	469	0.172111281605579	1	36	1	0.172111281605579	FALSE	5
"v470"	1	FALSE	470	0.158373441769321	0.95	7.9	20	0.00791867208846604	FALSE	7
"v471"	1	FALSE	471	0.141122113982703	0.833333333333333	10	24	0.00588008808261262	FALSE	7
"v472"	1	FALSE	472	0.125530262385654	0.826086956521739	12.3478260869565	23	0.00545783749502843	FALSE	7
"v473"	1	FALSE	473	0.195063121061173	1	6	1	0.195063121061173	FALSE	7
"v474"	1	FALSE	474	0.117350812189977	NA	13.76	25	0.00469403248759909	FALSE	7
"v475"	1	FALSE	475	0.114162146764064	NA	15.76	25	0.00456648587056255	FALSE	7
"v476"	1	FALSE	476	0.108032196733305	NA	16.0714285714286	28	0.00385829274047519	FALSE	7
"v477"	1	FALSE	477	0.100690898292348	NA	18.7	40	0.0025172724573087	FALSE	7
"v478"	1	FALSE	478	0.197090066044157	1	7	1	0.197090066044157	FALSE	7
"v479"	1	FALSE	479	0.095162968415177	0.911111111111111	19.0222222222222	45	0.00211473263144838	FALSE	NA
"v480"	1	FALSE	480	0.138463551643468	0	15	1	0.138463551643468	FALSE	7
"v481"	1	FALSE	481	0.0903897064057261	0.962264150943396	19.1509433962264	53	0.00170546615859861	FALSE	NA
"v482"	1	FALSE	482	0.138463551643468	0	15	1	0.138463551643468	FALSE	7
"v483"	1	FALSE	483	0.0901789628234798	0.96	19.38	50	0.0018035792564696	FALSE	NA
"v484"	1	FALSE	484	0.0871886224653204	0.95	19.875	40	0.00217971556163301	FALSE	NA
"v485"	1	FALSE	485	0.130678702325946	0	14	1	0.130678702325946	FALSE	NA
"v486"	1	FALSE	486	0.0900666279146978	0.967741935483871	19.8387096774194	31	0.00290537509402251	FALSE	5
"v487"	1	FALSE	487	0.148856758401392	1	28	1	0.148856758401392	FALSE	5
"v488"	1	FALSE	488	0.09177338768008	1	21.1176470588235	17	0.00539843456941647	FALSE	5
"v489"	1	FALSE	489	0.173493246117852	1	22	1	0.173493246117852	FALSE	5
"v490"	1	FALSE	490	0.130678702325946	0	14	1	0.130678702325946	FALSE	NA
"v491"	1	FALSE	491	0.148856758401392	1	28	1	0.148856758401392	FALSE	5
"v492"	1	FALSE	492	0.130247453141981	NA	32	1	0.130247453141981	FALSE	5
"v493"	1	FALSE	493	0.0900897671832622	1	20.75	8	0.0112612208979078	FALSE	5
"v494"	1	FALSE	494	0.173493246117852	1	22	1	0.173493246117852	FALSE	5
"v495"	1	FALSE	495	0.148856758401392	1	28	1	0.148856758401392	FALSE	5
"v496"	1	FALSE	496	0.130247453141981	NA	32	1	0.130247453141981	FALSE	5
"v497"	1	FALSE	497	0.173493246117852	1	22	1	0.173493246117852	FALSE	5
"v498"	1	FALSE	498	0.148856758401392	1	28	1	0.148856758401392	FALSE	5
"v499"	1	FALSE	499	0.12503008159468	NA	26.5	2	0.06251504079734	FALSE	5
"v500"	1	FALSE	500	0.15586311136663	0.925925925925926	9	27	0.00577270782839371	FALSE	7
"v501"	1	FALSE	501	0.142804947023682	0.8125	10.375	32	0.00446265459449007	FALSE	7
"v502"	1	FALSE	502	0.127946702144537	0.758620689655172	12.0344827586207	29	0.00441195524636335	FALSE	7
"v503"	1	FALSE	503	0.118311710353483	0.75	14.1875	32	0.00369724094854634	FALSE	7
"v504"	1	FALSE	504	0.112668691781076	0.818181818181818	16.7272727272727	33	0.00341420278124474	FALSE	7
"v505"	1	FALSE	505	0.103482591120218	0.8	17.1142857142857	35	0.00295664546057764	FALSE	7
"v506"	1	FALSE	506	0.197090066044157	1	7	1	0.197090066044157	FALSE	7
"v507"	1	FALSE	507	0.0963782916829616	0.9	19.175	40	0.00240945729207404	FALSE	7
"v508"	1	FALSE	508	0.156229325072095	1	17	1	0.156229325072095	FALSE	7
"v509"	1	FALSE	509	0.197090066044157	1	7	1	0.197090066044157	FALSE	7
"v510"	1	FALSE	510	0.0942801826659142	0.911111111111111	19.1777777777778	45	0.00209511517035365	FALSE	7
"v511"	1	FALSE	511	0.092241555640536	0.941176470588235	18.9803921568627	51	0.001808657953736	FALSE	NA
"v512"	1	FALSE	512	0.133802060241086	1	17	1	0.133802060241086	FALSE	NA
"v513"	1	FALSE	513	0.0935531009424597	0.928571428571429	19.5952380952381	42	0.00222745478434428	FALSE	NA
"v514"	1	FALSE	514	0.133802060241086	1	17	1	0.133802060241086	FALSE	NA
"v515"	1	FALSE	515	0.0950053398663114	0.862068965517241	19	29	0.0032760462022866	FALSE	NA
"v516"	1	FALSE	516	0.0831779759495729	1	19.8333333333333	12	0.00693149799579774	FALSE	5
"v517"	1	FALSE	517	0.117588213783589	1	22	1	0.117588213783589	FALSE	NA
"v518"	1	FALSE	518	0.130678702325946	0	14	1	0.130678702325946	FALSE	NA
"v519"	1	FALSE	519	0.121357287815943	0	17	1	0.121357287815943	FALSE	NA
"v520"	1	FALSE	520	0.148856758401392	1	28	1	0.148856758401392	FALSE	5
"v521"	1	FALSE	521	0.119812710047379	1	21	1	0.119812710047379	FALSE	5
"v522"	1	FALSE	522	0.106753814795211	1	14	1	0.106753814795211	FALSE	5
"v523"	1	FALSE	523	0.121091295107069	1	23	1	0.121091295107069	FALSE	NA
"v524"	1	FALSE	524	0.0858553462121909	1	21.6	5	0.0171710692424382	FALSE	5
"v525"	1	FALSE	525	0.173493246117852	1	22	1	0.173493246117852	FALSE	5
"v526"	1	FALSE	526	0.130678702325946	0	14	1	0.130678702325946	FALSE	NA
"v527"	1	FALSE	527	0.148856758401392	1	28	1	0.148856758401392	FALSE	5
"v528"	1	FALSE	528	0.119812710047379	1	21	1	0.119812710047379	FALSE	5
"v529"	1	FALSE	529	0.106753814795211	1	14	1	0.106753814795211	FALSE	5
"v530"	1	FALSE	530	0.130247453141981	NA	32	1	0.130247453141981	FALSE	5
"v531"	1	FALSE	531	0.121091295107069	1	23	1	0.121091295107069	FALSE	NA
"v532"	1	FALSE	532	0.0985329451869578	1	21.3333333333333	3	0.0328443150623193	FALSE	5
"v533"	1	FALSE	533	0.173493246117852	1	22	1	0.173493246117852	FALSE	5
"v534"	1	FALSE	534	0.148856758401392	1	28	1	0.148856758401392	FALSE	5
"v535"	1	FALSE	535	0.130247453141981	NA	32	1	0.130247453141981	FALSE	5
"v536"	1	FALSE	536	0.173493246117852	1	22	1	0.173493246117852	FALSE	5
"v537"	1	FALSE	537	0.148856758401392	1	28	1	0.148856758401392	FALSE	5
"v538"	1	FALSE	538	0.12503008159468	NA	26.5	2	0.06251504079734	FALSE	5
"v539"	1	FALSE	539	0.152983810176845	0.909090909090909	9.96969696969697	33	0.00463587303566196	FALSE	7
"v540"	1	FALSE	540	0.140946926716146	0.81578947368421	10.6578947368421	38	0.00370912965042488	FALSE	7
"v541"	1	FALSE	541	0.126699951226033	0.794117647058824	12.0882352941176	34	0.00372646915370684	FALSE	7
"v542"	1	FALSE	542	0.114399706993672	0.738095238095238	14.1666666666667	42	0.00272380254746838	FALSE	7
"v543"	1	FALSE	543	0.106538870330851	0.791666666666667	16.5416666666667	48	0.0022195597985594	FALSE	7
"v544"	1	FALSE	544	0.100899072088822	0.765957446808511	16.8510638297872	47	0.00214678876784728	FALSE	7
"v545"	1	FALSE	545	0.0974926598952119	NA	18.7551020408163	49	0.00198964612031045	FALSE	7
"v546"	1	FALSE	546	0.156229325072095	1	17	1	0.156229325072095	FALSE	7
"v547"	1	FALSE	547	0.0974785703426213	NA	19.4186046511628	43	0.00226694349634003	FALSE	7
"v548"	1	FALSE	548	0.0979466587672322	NA	19.7560975609756	41	0.00238894289676176	FALSE	7
"v549"	1	FALSE	549	0.0989538154488009	0.966666666666667	19.8666666666667	30	0.00329846051496003	FALSE	7
"v550"	1	FALSE	550	0.0856588291332019	1	20.7777777777778	9	0.00951764768146688	FALSE	7
"v551"	1	FALSE	551	0.114873943824269	1	17	1	0.114873943824269	FALSE	NA
"v552"	1	FALSE	552	0.142400341446211	1	14	1	0.142400341446211	FALSE	7
"v553"	1	FALSE	553	0.133802060241086	1	17	1	0.133802060241086	FALSE	NA
"v554"	1	FALSE	554	0.119901213624232	1	22	1	0.119901213624232	FALSE	7
"v555"	1	FALSE	555	0.130678702325946	0	14	1	0.130678702325946	FALSE	NA
"v556"	1	FALSE	556	0.121357287815943	0	17	1	0.121357287815943	FALSE	NA
"v557"	1	FALSE	557	0.119385297064111	1	18	1	0.119385297064111	FALSE	7
"v558"	1	FALSE	558	0.0809769735172501	1	19	4	0.0202442433793125	FALSE	NA
"v559"	1	FALSE	559	0.0903762880129075	1	22	1	0.0903762880129075	FALSE	NA
"v560"	1	FALSE	560	0.130678702325946	0	14	1	0.130678702325946	FALSE	NA
"v561"	1	FALSE	561	0.121357287815943	0	17	1	0.121357287815943	FALSE	NA
"v562"	1	FALSE	562	0.119385297064111	1	18	1	0.119385297064111	FALSE	7
"v563"	1	FALSE	563	0.173493246117852	1	22	1	0.173493246117852	FALSE	5
"v564"	1	FALSE	564	0.110527495169427	0.5	18	2	0.0552637475847133	FALSE	NA
"v565"	1	FALSE	565	0.173493246117852	1	22	1	0.173493246117852	FALSE	5
"v566"	1	FALSE	566	0.0903762880129075	1	22	1	0.0903762880129075	FALSE	NA
"v567"	1	FALSE	567	0.173493246117852	1	22	1	0.173493246117852	FALSE	5
"v568"	1	FALSE	568	0.159402652335924	0.885714285714286	10.6285714285714	35	0.00455436149531213	FALSE	7
"v569"	1	FALSE	569	0.144195721435308	0.822222222222222	11.8666666666667	45	0.00320434936522907	FALSE	7
"v570"	1	FALSE	570	0.132618955737688	0.836734693877551	13.0816326530612	49	0.00270650930076915	FALSE	7
"v571"	1	FALSE	571	0.121480017890302	0.785714285714286	15.1785714285714	56	0.00216928603375539	FALSE	7
"v572"	1	FALSE	572	0.111251800272276	0.824561403508772	17.2982456140351	57	0.00195178596968904	TRUE	7
"v573"	1	FALSE	573	0.1043238384197	0.754716981132076	18.1698113207547	53	0.00196837430980567	FALSE	7
"v574"	1	FALSE	574	0.101594077147287	NA	19.0625	48	0.00211654327390181	FALSE	7
"v575"	1	FALSE	575	0.156229325072095	1	17	1	0.156229325072095	FALSE	7
"v576"	1	FALSE	576	0.100753661443314	NA	20.1052631578947	38	0.00265141214324512	FALSE	7
"v577"	1	FALSE	577	0.102863585848875	NA	20.0625	32	0.00321448705777734	FALSE	7
"v578"	1	FALSE	578	0.102809411979464	0.941176470588235	19.5294117647059	17	0.00604761246938024	FALSE	7
"v579"	1	FALSE	579	0.142400341446211	1	14	1	0.142400341446211	FALSE	7
"v580"	1	FALSE	580	0.133802060241086	1	17	1	0.133802060241086	FALSE	NA
"v581"	1	FALSE	581	0.0912496311842902	1	20.25	4	0.0228124077960725	FALSE	7
"v582"	1	FALSE	582	0.114873943824269	1	17	1	0.114873943824269	FALSE	NA
"v583"	1	FALSE	583	0.142400341446211	1	14	1	0.142400341446211	FALSE	7
"v584"	1	FALSE	584	0.133802060241086	1	17	1	0.133802060241086	FALSE	NA
"v585"	1	FALSE	585	0.119901213624232	1	22	1	0.119901213624232	FALSE	7
"v586"	1	FALSE	586	0.121357287815943	0	17	1	0.121357287815943	FALSE	NA
"v587"	1	FALSE	587	0.119385297064111	1	18	1	0.119385297064111	FALSE	7
"v588"	1	FALSE	588	0.0841989811822351	1	18	2	0.0420994905911175	FALSE	NA
"v589"	1	FALSE	589	0.121357287815943	0	17	1	0.121357287815943	FALSE	NA
"v590"	1	FALSE	590	0.119385297064111	1	18	1	0.119385297064111	FALSE	7
